EXPLAIN
TAG	EISPOT
TITLE	LABEL	Potentiostatic EIS	Test &Identifier
DATE	LABEL	4/23/2018	Date
TIME	LABEL	16:43:15	Time
NOTES	NOTES	2	&Notes...
	-50mV +5.66X10^-4 D8
	
PSTAT	PSTAT	REF3000-34128	Potentiostat
VDC	POTEN	-5.00000E-002	T	DC &Voltage (V)
FREQINIT	QUANT	2.00000E+005	Initial Fre&q. (Hz)
FREQFINAL	QUANT	2.00000E-002	Final Fre&q. (Hz)
PTSPERDEC	QUANT	1.00000E+001	Points/&decade
VAC	QUANT	1.00000E+001	AC &Voltage (mV rms)
AREA	QUANT	1.00000E+000	&Area (cm^2)
CONDIT	TWOPARAM	F	1.50000E+001	0.00000E+000	Conditionin&g	Time(s)	E(V)
DELAY	TWOPARAM	T	1.00000E+002	0.00000E+000	Init. De&lay	Time(s)	Stab.(mV/s)
SPEED	SELECTOR	1	&Optimize for:
ZGUESS	QUANT	1.00000E+002	E&stimated Z (ohms)
OCVCURVE	TABLE	387
	Pt	T	Vf	Vm	Ach	Over	Temp
	#	s	V vs. Ref.	V	V	bits	deg C
	0	0.258333	-3.46699E-001	-3.46699E-001	-5.59133E-004	..........a	-327.67
	1	0.516667	-3.46692E-001	-3.46356E-001	-5.72667E-004	..........a	-327.67
	2	0.775	-3.46652E-001	-3.46047E-001	-5.67000E-004	..........a	-327.67
	3	1.03333	-3.46539E-001	-3.45687E-001	-5.72867E-004	..........a	-327.67
	4	1.29167	-3.46333E-001	-3.45292E-001	-5.45267E-004	..........a	-327.67
	5	1.55	-3.46046E-001	-3.45001E-001	-5.74200E-004	..........a	-327.67
	6	1.80833	-3.45711E-001	-3.44586E-001	-5.85200E-004	..........a	-327.67
	7	2.06667	-3.45360E-001	-3.44449E-001	-5.58067E-004	..........a	-327.67
	8	2.325	-3.45019E-001	-3.44077E-001	-5.64267E-004	..........a	-327.67
	9	2.58333	-3.44701E-001	-3.43717E-001	-5.76000E-004	..........a	-327.67
	10	2.84167	-3.44393E-001	-3.43317E-001	-5.86333E-004	..........a	-327.67
	11	3.1	-3.44072E-001	-3.42981E-001	-5.89467E-004	..........a	-327.67
	12	3.35833	-3.43732E-001	-3.42822E-001	-5.75667E-004	..........a	-327.67
	13	3.61667	-3.43394E-001	-3.42483E-001	-5.86400E-004	..........a	-327.67
	14	3.875	-3.43079E-001	-3.42148E-001	-6.02067E-004	..........a	-327.67
	15	4.13333	-3.42781E-001	-3.41739E-001	-5.93333E-004	..........a	-327.67
	16	4.39167	-3.42473E-001	-3.41413E-001	-5.99400E-004	..........a	-327.67
	17	4.65	-3.42146E-001	-3.41242E-001	-5.90600E-004	..........a	-327.67
	18	4.90833	-3.41817E-001	-3.40926E-001	-6.09000E-004	..........a	-327.67
	19	5.16667	-3.41507E-001	-3.40577E-001	-6.05000E-004	..........a	-327.67
	20	5.425	-3.41213E-001	-3.40247E-001	-6.04733E-004	..........a	-327.67
	21	5.68333	-3.40914E-001	-3.39916E-001	-6.06733E-004	..........a	-327.67
	22	5.94167	-3.40603E-001	-3.39726E-001	-5.93600E-004	..........a	-327.67
	23	6.2	-3.40291E-001	-3.39380E-001	-5.92000E-004	..........a	-327.67
	24	6.45833	-3.39992E-001	-3.39150E-001	-5.93267E-004	..........a	-327.67
	25	6.71667	-3.39707E-001	-3.38876E-001	-6.00133E-004	..........a	-327.67
	26	6.975	-3.39429E-001	-3.38482E-001	-6.07800E-004	..........a	-327.67
	27	7.23333	-3.39147E-001	-3.38190E-001	-6.04000E-004	..........a	-327.67
	28	7.49167	-3.38852E-001	-3.38032E-001	-5.83733E-004	..........a	-327.67
	29	7.75	-3.38555E-001	-3.37713E-001	-5.91000E-004	..........a	-327.67
	30	8.00833	-3.38271E-001	-3.37420E-001	-6.04467E-004	..........a	-327.67
	31	8.26667	-3.38000E-001	-3.37172E-001	-6.01400E-004	..........a	-327.67
	32	8.525	-3.37728E-001	-3.36819E-001	-6.13600E-004	..........a	-327.67
	33	8.78333	-3.37450E-001	-3.36574E-001	-6.05067E-004	..........a	-327.67
	34	9.04167	-3.37166E-001	-3.36367E-001	-5.94267E-004	..........a	-327.67
	35	9.3	-3.36886E-001	-3.36101E-001	-5.91133E-004	..........a	-327.67
	36	9.5583	-3.36619E-001	-3.35799E-001	-6.03867E-004	..........a	-327.67
	37	9.8167	-3.36361E-001	-3.35549E-001	-6.15733E-004	..........a	-327.67
	38	10.075	-3.36099E-001	-3.35223E-001	-6.02933E-004	..........a	-327.67
	39	10.3333	-3.35829E-001	-3.34972E-001	-6.07467E-004	..........a	-327.67
	40	10.5917	-3.35552E-001	-3.34794E-001	-5.91600E-004	..........a	-327.67
	41	10.85	-3.35281E-001	-3.34511E-001	-5.86733E-004	..........a	-327.67
	42	11.1083	-3.35024E-001	-3.34260E-001	-6.09733E-004	..........a	-327.67
	43	11.3667	-3.34777E-001	-3.34043E-001	-6.01333E-004	..........a	-327.67
	44	11.625	-3.34533E-001	-3.33717E-001	-6.13000E-004	..........a	-327.67
	45	11.8833	-3.34283E-001	-3.33461E-001	-6.10933E-004	..........a	-327.67
	46	12.1417	-3.34026E-001	-3.33289E-001	-5.85400E-004	..........a	-327.67
	47	12.4	-3.33767E-001	-3.32977E-001	-5.93867E-004	..........a	-327.67
	48	12.6583	-3.33515E-001	-3.32831E-001	-5.94733E-004	..........a	-327.67
	49	12.9167	-3.33273E-001	-3.32553E-001	-6.05867E-004	..........a	-327.67
	50	13.175	-3.33039E-001	-3.32273E-001	-6.22000E-004	..........a	-327.67
	51	13.4333	-3.32804E-001	-3.32009E-001	-6.12733E-004	..........a	-327.67
	52	13.6917	-3.32557E-001	-3.31784E-001	-6.31600E-004	..........a	-327.67
	53	13.95	-3.32304E-001	-3.31595E-001	-6.08533E-004	..........a	-327.67
	54	14.2083	-3.32056E-001	-3.31338E-001	-6.02600E-004	..........a	-327.67
	55	14.4667	-3.31818E-001	-3.31102E-001	-6.12400E-004	..........a	-327.67
	56	14.725	-3.31588E-001	-3.30909E-001	-6.09400E-004	..........a	-327.67
	57	14.9833	-3.31359E-001	-3.30593E-001	-6.15267E-004	..........a	-327.67
	58	15.2417	-3.31126E-001	-3.30364E-001	-6.21533E-004	..........a	-327.67
	59	15.5	-3.30886E-001	-3.30166E-001	-6.16000E-004	..........a	-327.67
	60	15.7583	-3.30643E-001	-3.29962E-001	-6.03000E-004	..........a	-327.67
	61	16.0167	-3.30408E-001	-3.29733E-001	-6.04200E-004	..........a	-327.67
	62	16.275	-3.30183E-001	-3.29483E-001	-6.14600E-004	..........a	-327.67
	63	16.5333	-3.29964E-001	-3.29316E-001	-6.12067E-004	..........a	-327.67
	64	16.7917	-3.29744E-001	-3.29027E-001	-6.26867E-004	..........a	-327.67
	65	17.05	-3.29522E-001	-3.28803E-001	-6.26400E-004	..........a	-327.67
	66	17.3083	-3.29294E-001	-3.28588E-001	-6.15200E-004	..........a	-327.67
	67	17.5667	-3.29064E-001	-3.28424E-001	-6.05067E-004	..........a	-327.67
	68	17.825	-3.28838E-001	-3.28166E-001	-6.10800E-004	..........a	-327.67
	69	18.0833	-3.28622E-001	-3.28012E-001	-6.07600E-004	..........a	-327.67
	70	18.3417	-3.28413E-001	-3.27760E-001	-6.13133E-004	..........a	-327.67
	71	18.6	-3.28207E-001	-3.27562E-001	-6.17000E-004	..........a	-327.67
	72	18.8583	-3.27999E-001	-3.27328E-001	-6.33133E-004	..........a	-327.67
	73	19.1167	-3.27787E-001	-3.27117E-001	-6.23533E-004	..........a	-327.67
	74	19.375	-3.27571E-001	-3.26951E-001	-6.30933E-004	..........a	-327.67
	75	19.6333	-3.27358E-001	-3.26712E-001	-6.23000E-004	..........a	-327.67
	76	19.8917	-3.27150E-001	-3.26539E-001	-6.25133E-004	..........a	-327.67
	77	20.15	-3.26946E-001	-3.26309E-001	-6.11667E-004	..........a	-327.67
	78	20.4083	-3.26743E-001	-3.26138E-001	-6.26600E-004	..........a	-327.67
	79	20.6667	-3.26541E-001	-3.25889E-001	-6.24000E-004	..........a	-327.67
	80	20.925	-3.26337E-001	-3.25690E-001	-6.28933E-004	..........a	-327.67
	81	21.1833	-3.26129E-001	-3.25475E-001	-6.24933E-004	..........a	-327.67
	82	21.4417	-3.25919E-001	-3.25325E-001	-6.20000E-004	..........a	-327.67
	83	21.7	-3.25712E-001	-3.25084E-001	-6.19333E-004	..........a	-327.67
	84	21.9583	-3.25511E-001	-3.24937E-001	-6.23667E-004	..........a	-327.67
	85	22.2167	-3.25315E-001	-3.24695E-001	-6.22333E-004	..........a	-327.67
	86	22.475	-3.25121E-001	-3.24538E-001	-6.29133E-004	..........a	-327.67
	87	22.7333	-3.24927E-001	-3.24303E-001	-6.27133E-004	..........a	-327.67
	88	22.9917	-3.24730E-001	-3.24122E-001	-6.33400E-004	..........a	-327.67
	89	23.25	-3.24532E-001	-3.23930E-001	-6.32000E-004	..........a	-327.67
	90	23.5083	-3.24334E-001	-3.23760E-001	-6.32533E-004	..........a	-327.67
	91	23.7667	-3.24140E-001	-3.23558E-001	-6.24733E-004	..........a	-327.67
	92	24.025	-3.23951E-001	-3.23372E-001	-6.31133E-004	..........a	-327.67
	93	24.2833	-3.23764E-001	-3.23200E-001	-6.22733E-004	..........a	-327.67
	94	24.5417	-3.23577E-001	-3.22984E-001	-6.38733E-004	..........a	-327.67
	95	24.8	-3.23390E-001	-3.22813E-001	-6.28800E-004	..........a	-327.67
	96	25.0583	-3.23201E-001	-3.22602E-001	-6.44467E-004	..........a	-327.67
	97	25.3167	-3.23010E-001	-3.22415E-001	-6.45400E-004	..........a	-327.67
	98	25.575	-3.22818E-001	-3.22241E-001	-6.42200E-004	..........a	-327.67
	99	25.8333	-3.22627E-001	-3.22102E-001	-6.37133E-004	..........a	-327.67
	100	26.0917	-3.22442E-001	-3.21874E-001	-6.32200E-004	..........a	-327.67
	101	26.35	-3.22264E-001	-3.21744E-001	-6.43867E-004	..........a	-327.67
	102	26.6083	-3.22088E-001	-3.21541E-001	-6.30733E-004	..........a	-327.67
	103	26.8667	-3.21914E-001	-3.21365E-001	-6.48867E-004	..........a	-327.67
	104	27.125	-3.21738E-001	-3.21190E-001	-6.39867E-004	..........a	-327.67
	105	27.3833	-3.21559E-001	-3.20994E-001	-6.40400E-004	..........a	-327.67
	106	27.6417	-3.21379E-001	-3.20816E-001	-6.44000E-004	..........a	-327.67
	107	27.9	-3.21197E-001	-3.20649E-001	-6.50800E-004	..........a	-327.67
	108	28.1583	-3.21016E-001	-3.20505E-001	-6.51067E-004	..........a	-327.67
	109	28.4167	-3.20840E-001	-3.20307E-001	-6.37067E-004	..........a	-327.67
	110	28.675	-3.20669E-001	-3.20158E-001	-6.43933E-004	..........a	-327.67
	111	28.9333	-3.20499E-001	-3.19923E-001	-6.41067E-004	..........a	-327.67
	112	29.1917	-3.20325E-001	-3.19741E-001	-6.44267E-004	..........a	-327.67
	113	29.45	-3.20145E-001	-3.19664E-001	-6.32267E-004	..........a	-327.67
	114	29.7083	-3.19964E-001	-3.19408E-001	-6.47467E-004	..........a	-327.67
	115	29.9667	-3.19789E-001	-3.19200E-001	-6.45000E-004	..........a	-327.67
	116	30.225	-3.19613E-001	-3.19050E-001	-6.49467E-004	..........a	-327.67
	117	30.4833	-3.19431E-001	-3.18963E-001	-6.59467E-004	..........a	-327.67
	118	30.7417	-3.19255E-001	-3.18822E-001	-6.39133E-004	..........a	-327.67
	119	31	-3.19095E-001	-3.18582E-001	-6.44333E-004	..........a	-327.67
	120	31.2583	-3.18947E-001	-3.18510E-001	-6.32400E-004	..........a	-327.67
	121	31.5167	-3.18799E-001	-3.18425E-001	-6.42267E-004	..........a	-327.67
	122	31.775	-3.18656E-001	-3.18204E-001	-6.46733E-004	..........a	-327.67
	123	32.0333	-3.18518E-001	-3.18009E-001	-6.45533E-004	..........a	-327.67
	124	32.2917	-3.18372E-001	-3.17770E-001	-6.49800E-004	..........a	-327.67
	125	32.55	-3.18203E-001	-3.17593E-001	-6.44400E-004	..........a	-327.67
	126	32.8083	-3.18014E-001	-3.17466E-001	-6.51800E-004	..........a	-327.67
	127	33.0667	-3.17821E-001	-3.17357E-001	-6.52800E-004	..........a	-327.67
	128	33.325	-3.17645E-001	-3.17208E-001	-6.40067E-004	..........a	-327.67
	129	33.5833	-3.17489E-001	-3.16984E-001	-6.40533E-004	..........a	-327.67
	130	33.8417	-3.17342E-001	-3.16921E-001	-6.41133E-004	..........a	-327.67
	131	34.1	-3.17197E-001	-3.16822E-001	-6.43267E-004	..........a	-327.67
	132	34.3583	-3.17056E-001	-3.16609E-001	-6.49067E-004	..........a	-327.67
	133	34.6167	-3.16921E-001	-3.16452E-001	-6.51667E-004	..........a	-327.67
	134	34.875	-3.16781E-001	-3.16257E-001	-6.49600E-004	..........a	-327.67
	135	35.1333	-3.16625E-001	-3.16054E-001	-6.48467E-004	..........a	-327.67
	136	35.3917	-3.16453E-001	-3.15923E-001	-6.45667E-004	..........a	-327.67
	137	35.65	-3.16275E-001	-3.15793E-001	-6.47533E-004	..........a	-327.67
	138	35.9083	-3.16104E-001	-3.15695E-001	-6.50067E-004	..........a	-327.67
	139	36.1667	-3.15949E-001	-3.15482E-001	-6.48467E-004	..........a	-327.67
	140	36.425	-3.15806E-001	-3.15356E-001	-6.58067E-004	..........a	-327.67
	141	36.6833	-3.15665E-001	-3.15286E-001	-6.62933E-004	..........a	-327.67
	142	36.9417	-3.15525E-001	-3.15101E-001	-6.58067E-004	..........a	-327.67
	143	37.2	-3.15390E-001	-3.14950E-001	-6.69800E-004	..........a	-327.67
	144	37.4583	-3.15254E-001	-3.14793E-001	-6.60533E-004	..........a	-327.67
	145	37.7167	-3.15111E-001	-3.14608E-001	-6.57800E-004	..........a	-327.67
	146	37.975	-3.14958E-001	-3.14440E-001	-6.60067E-004	..........a	-327.67
	147	38.2333	-3.14796E-001	-3.14321E-001	-6.55933E-004	..........a	-327.67
	148	38.4917	-3.14633E-001	-3.14195E-001	-6.67933E-004	..........a	-327.67
	149	38.75	-3.14479E-001	-3.14091E-001	-6.66733E-004	..........a	-327.67
	150	39.0083	-3.14338E-001	-3.13892E-001	-6.48800E-004	..........a	-327.67
	151	39.2667	-3.14203E-001	-3.13765E-001	-6.55733E-004	..........a	-327.67
	152	39.525	-3.14067E-001	-3.13710E-001	-6.54933E-004	..........a	-327.67
	153	39.7833	-3.13933E-001	-3.13557E-001	-6.60600E-004	..........a	-327.67
	154	40.0417	-3.13806E-001	-3.13386E-001	-6.62800E-004	..........a	-327.67
	155	40.3	-3.13681E-001	-3.13247E-001	-6.59400E-004	..........a	-327.67
	156	40.5583	-3.13548E-001	-3.13070E-001	-6.60733E-004	..........a	-327.67
	157	40.8167	-3.13403E-001	-3.12901E-001	-6.62600E-004	..........a	-327.67
	158	41.075	-3.13248E-001	-3.12764E-001	-6.46667E-004	..........a	-327.67
	159	41.3333	-3.13088E-001	-3.12634E-001	-6.51400E-004	..........a	-327.67
	160	41.5917	-3.12932E-001	-3.12537E-001	-6.56867E-004	..........a	-327.67
	161	41.85	-3.12788E-001	-3.12393E-001	-6.52333E-004	..........a	-327.67
	162	42.1083	-3.12655E-001	-3.12211E-001	-6.55267E-004	..........a	-327.67
	163	42.3667	-3.12524E-001	-3.12134E-001	-6.52600E-004	..........a	-327.67
	164	42.625	-3.12393E-001	-3.12079E-001	-6.53867E-004	..........a	-327.67
	165	42.8833	-3.12268E-001	-3.11912E-001	-6.59200E-004	..........a	-327.67
	166	43.1417	-3.12153E-001	-3.11753E-001	-6.57667E-004	..........a	-327.67
	167	43.4	-3.12038E-001	-3.11599E-001	-6.53733E-004	..........a	-327.67
	168	43.6583	-3.11909E-001	-3.11427E-001	-6.58733E-004	..........a	-327.67
	169	43.9167	-3.11764E-001	-3.11301E-001	-6.61200E-004	..........a	-327.67
	170	44.175	-3.11611E-001	-3.11170E-001	-6.54400E-004	..........a	-327.67
	171	44.4333	-3.11461E-001	-3.11064E-001	-6.64533E-004	..........a	-327.67
	172	44.6917	-3.11320E-001	-3.10964E-001	-6.62800E-004	..........a	-327.67
	173	44.95	-3.11193E-001	-3.10838E-001	-6.50733E-004	..........a	-327.67
	174	45.2083	-3.11074E-001	-3.10658E-001	-6.54000E-004	..........a	-327.67
	175	45.4667	-3.10954E-001	-3.10555E-001	-6.50533E-004	..........a	-327.67
	176	45.725	-3.10828E-001	-3.10506E-001	-6.44067E-004	..........a	-327.67
	177	45.9833	-3.10705E-001	-3.10391E-001	-6.47400E-004	..........a	-327.67
	178	46.2417	-3.10591E-001	-3.10203E-001	-6.58267E-004	..........a	-327.67
	179	46.5	-3.10482E-001	-3.10080E-001	-6.55400E-004	..........a	-327.67
	180	46.7583	-3.10362E-001	-3.09921E-001	-6.53600E-004	..........a	-327.67
	181	47.0167	-3.10228E-001	-3.09783E-001	-6.63400E-004	..........a	-327.67
	182	47.275	-3.10086E-001	-3.09642E-001	-6.68533E-004	..........a	-327.67
	183	47.5333	-3.09941E-001	-3.09535E-001	-6.60467E-004	..........a	-327.67
	184	47.7917	-3.09800E-001	-3.09412E-001	-6.59467E-004	..........a	-327.67
	185	48.05	-3.09668E-001	-3.09321E-001	-6.60467E-004	..........a	-327.67
	186	48.3083	-3.09545E-001	-3.09193E-001	-6.48800E-004	..........a	-327.67
	187	48.5667	-3.09428E-001	-3.09032E-001	-6.54333E-004	..........a	-327.67
	188	48.825	-3.09311E-001	-3.08941E-001	-6.51667E-004	..........a	-327.67
	189	49.0833	-3.09191E-001	-3.08898E-001	-6.48800E-004	..........a	-327.67
	190	49.3417	-3.09077E-001	-3.08804E-001	-6.59733E-004	..........a	-327.67
	191	49.6	-3.08974E-001	-3.08619E-001	-6.62600E-004	..........a	-327.67
	192	49.8583	-3.08876E-001	-3.08493E-001	-6.55467E-004	..........a	-327.67
	193	50.1167	-3.08767E-001	-3.08340E-001	-6.50533E-004	..........a	-327.67
	194	50.375	-3.08640E-001	-3.08200E-001	-6.61333E-004	..........a	-327.67
	195	50.6333	-3.08501E-001	-3.08091E-001	-6.66267E-004	..........a	-327.67
	196	50.8917	-3.08361E-001	-3.07975E-001	-6.57933E-004	..........a	-327.67
	197	51.15	-3.08228E-001	-3.07876E-001	-6.67333E-004	..........a	-327.67
	198	51.4083	-3.08104E-001	-3.07768E-001	-6.69667E-004	..........a	-327.67
	199	51.6667	-3.07990E-001	-3.07665E-001	-6.57333E-004	..........a	-327.67
	200	51.925	-3.07881E-001	-3.07514E-001	-6.50933E-004	..........a	-327.67
	201	52.1833	-3.07771E-001	-3.07387E-001	-6.62067E-004	..........a	-327.67
	202	52.4417	-3.07655E-001	-3.07324E-001	-6.54600E-004	..........a	-327.67
	203	52.7	-3.07538E-001	-3.07279E-001	-6.47133E-004	..........a	-327.67
	204	52.9583	-3.07432E-001	-3.07174E-001	-6.57667E-004	..........a	-327.67
	205	53.2167	-3.07341E-001	-3.07011E-001	-6.67933E-004	..........a	-327.67
	206	53.475	-3.07252E-001	-3.06919E-001	-6.65867E-004	..........a	-327.67
	207	53.7333	-3.07152E-001	-3.06772E-001	-6.51867E-004	..........a	-327.67
	208	53.9917	-3.07038E-001	-3.06626E-001	-6.62000E-004	..........a	-327.67
	209	54.25	-3.06913E-001	-3.06542E-001	-6.66000E-004	..........a	-327.67
	210	54.5083	-3.06786E-001	-3.06428E-001	-6.73000E-004	..........a	-327.67
	211	54.7667	-3.06662E-001	-3.06327E-001	-6.62800E-004	..........a	-327.67
	212	55.025	-3.06547E-001	-3.06220E-001	-6.68667E-004	..........a	-327.67
	213	55.2833	-3.06439E-001	-3.06145E-001	-6.75933E-004	..........a	-327.67
	214	55.5417	-3.06336E-001	-3.06013E-001	-6.63000E-004	..........a	-327.67
	215	55.8	-3.06234E-001	-3.05859E-001	-6.61333E-004	..........a	-327.67
	216	56.0583	-3.06127E-001	-3.05774E-001	-6.69133E-004	..........a	-327.67
	217	56.3167	-3.06014E-001	-3.05737E-001	-6.65067E-004	..........a	-327.67
	218	56.575	-3.05904E-001	-3.05666E-001	-6.64467E-004	..........a	-327.67
	219	56.8333	-3.05809E-001	-3.05502E-001	-6.63867E-004	..........a	-327.67
	220	57.0917	-3.05722E-001	-3.05376E-001	-6.66800E-004	..........a	-327.67
	221	57.35	-3.05627E-001	-3.05276E-001	-6.67133E-004	..........a	-327.67
	222	57.6083	-3.05517E-001	-3.05129E-001	-6.66133E-004	..........a	-327.67
	223	57.8667	-3.05397E-001	-3.05006E-001	-6.71000E-004	..........a	-327.67
	224	58.125	-3.05273E-001	-3.04924E-001	-6.78800E-004	..........a	-327.67
	225	58.3833	-3.05150E-001	-3.04815E-001	-6.73800E-004	..........a	-327.67
	226	58.6417	-3.05035E-001	-3.04720E-001	-6.69400E-004	..........a	-327.67
	227	58.9	-3.04927E-001	-3.04617E-001	-6.75267E-004	..........a	-327.67
	228	59.1583	-3.04825E-001	-3.04546E-001	-6.76333E-004	..........a	-327.67
	229	59.4167	-3.04728E-001	-3.04431E-001	-6.65067E-004	..........a	-327.67
	230	59.675	-3.04632E-001	-3.04283E-001	-6.62200E-004	..........a	-327.67
	231	59.9333	-3.04532E-001	-3.04186E-001	-6.71600E-004	..........a	-327.67
	232	60.1917	-3.04425E-001	-3.04147E-001	-6.66467E-004	..........a	-327.67
	233	60.45	-3.04320E-001	-3.04088E-001	-6.66267E-004	..........a	-327.67
	234	60.7083	-3.04226E-001	-3.03943E-001	-6.67067E-004	..........a	-327.67
	235	60.9667	-3.04141E-001	-3.03811E-001	-6.72867E-004	..........a	-327.67
	236	61.225	-3.04051E-001	-3.03731E-001	-6.75467E-004	..........a	-327.67
	237	61.4833	-3.03950E-001	-3.03616E-001	-6.69600E-004	..........a	-327.67
	238	61.7417	-3.03841E-001	-3.03480E-001	-6.64933E-004	..........a	-327.67
	239	62	-3.03730E-001	-3.03384E-001	-6.70533E-004	..........a	-327.67
	240	62.2583	-3.03617E-001	-3.03298E-001	-6.81000E-004	..........a	-327.67
	241	62.5167	-3.03506E-001	-3.03194E-001	-6.72667E-004	..........a	-327.67
	242	62.775	-3.03400E-001	-3.03093E-001	-6.68600E-004	..........a	-327.67
	243	63.0333	-3.03300E-001	-3.03003E-001	-6.66600E-004	..........a	-327.67
	244	63.2917	-3.03202E-001	-3.02935E-001	-6.72133E-004	..........a	-327.67
	245	63.55	-3.03108E-001	-3.02831E-001	-6.64733E-004	..........a	-327.67
	246	63.8083	-3.03017E-001	-3.02698E-001	-6.59933E-004	..........a	-327.67
	247	64.0667	-3.02924E-001	-3.02601E-001	-6.71933E-004	..........a	-327.67
	248	64.325	-3.02825E-001	-3.02557E-001	-6.72067E-004	..........a	-327.67
	249	64.5833	-3.02727E-001	-3.02508E-001	-6.63933E-004	..........a	-327.67
	250	64.8417	-3.02638E-001	-3.02385E-001	-6.59933E-004	..........a	-327.67
	251	65.1	-3.02558E-001	-3.02237E-001	-6.64267E-004	..........a	-327.67
	252	65.3583	-3.02474E-001	-3.02159E-001	-6.67467E-004	..........a	-327.67
	253	65.6167	-3.02378E-001	-3.02079E-001	-6.58800E-004	..........a	-327.67
	254	65.875	-3.02275E-001	-3.01947E-001	-6.53200E-004	..........a	-327.67
	255	66.1333	-3.02171E-001	-3.01837E-001	-6.66067E-004	..........a	-327.67
	256	66.3917	-3.02067E-001	-3.01762E-001	-6.73267E-004	..........a	-327.67
	257	66.65	-3.01963E-001	-3.01687E-001	-6.65933E-004	..........a	-327.67
	258	66.9083	-3.01864E-001	-3.01593E-001	-6.67533E-004	..........a	-327.67
	259	67.1667	-3.01773E-001	-3.01519E-001	-6.71467E-004	..........a	-327.67
	260	67.425	-3.01687E-001	-3.01428E-001	-6.73333E-004	..........a	-327.67
	261	67.6833	-3.01604E-001	-3.01357E-001	-6.68200E-004	..........a	-327.67
	262	67.9417	-3.01521E-001	-3.01274E-001	-6.64600E-004	..........a	-327.67
	263	68.2	-3.01439E-001	-3.01148E-001	-6.60933E-004	..........a	-327.67
	264	68.4583	-3.01354E-001	-3.01032E-001	-6.73333E-004	..........a	-327.67
	265	68.7167	-3.01261E-001	-3.00976E-001	-6.61867E-004	..........a	-327.67
	266	68.975	-3.01163E-001	-3.00939E-001	-6.67600E-004	..........a	-327.67
	267	69.2333	-3.01072E-001	-3.00845E-001	-6.62267E-004	..........a	-327.67
	268	69.4917	-3.00993E-001	-3.00710E-001	-6.63600E-004	..........a	-327.67
	269	69.75	-3.00914E-001	-3.00606E-001	-6.66933E-004	..........a	-327.67
	270	70.0083	-3.00827E-001	-3.00548E-001	-6.72133E-004	..........a	-327.67
	271	70.2667	-3.00732E-001	-3.00460E-001	-6.67467E-004	..........a	-327.67
	272	70.525	-3.00637E-001	-3.00348E-001	-6.67133E-004	..........a	-327.67
	273	70.7833	-3.00545E-001	-3.00236E-001	-6.65733E-004	..........a	-327.67
	274	71.0417	-3.00452E-001	-3.00161E-001	-6.85400E-004	..........a	-327.67
	275	71.3	-3.00356E-001	-3.00077E-001	-6.82933E-004	..........a	-327.67
	276	71.5583	-3.00260E-001	-2.99982E-001	-6.73533E-004	..........a	-327.67
	277	71.8167	-3.00168E-001	-2.99900E-001	-6.72267E-004	..........a	-327.67
	278	72.075	-3.00079E-001	-2.99809E-001	-6.75933E-004	..........a	-327.67
	279	72.3333	-2.99992E-001	-2.99752E-001	-6.81133E-004	..........a	-327.67
	280	72.5917	-2.99908E-001	-2.99667E-001	-6.70133E-004	..........a	-327.67
	281	72.85	-2.99827E-001	-2.99561E-001	-6.64800E-004	..........a	-327.67
	282	73.1083	-2.99746E-001	-2.99449E-001	-6.76333E-004	..........a	-327.67
	283	73.3667	-2.99659E-001	-2.99382E-001	-6.77533E-004	..........a	-327.67
	284	73.625	-2.99569E-001	-2.99350E-001	-6.77533E-004	..........a	-327.67
	285	73.8833	-2.99482E-001	-2.99277E-001	-6.68867E-004	..........a	-327.67
	286	74.1417	-2.99406E-001	-2.99159E-001	-6.68067E-004	..........a	-327.67
	287	74.4	-2.99334E-001	-2.99042E-001	-6.68267E-004	..........a	-327.67
	288	74.6583	-2.99255E-001	-2.98974E-001	-6.81200E-004	..........a	-327.67
	289	74.9167	-2.99166E-001	-2.98912E-001	-6.77067E-004	..........a	-327.67
	290	75.175	-2.99074E-001	-2.98809E-001	-6.74733E-004	..........a	-327.67
	291	75.4333	-2.98987E-001	-2.98700E-001	-6.73467E-004	..........a	-327.67
	292	75.6917	-2.98900E-001	-2.98608E-001	-6.75067E-004	..........a	-327.67
	293	75.95	-2.98810E-001	-2.98550E-001	-6.81600E-004	..........a	-327.67
	294	76.2083	-2.98718E-001	-2.98463E-001	-6.84000E-004	..........a	-327.67
	295	76.4667	-2.98631E-001	-2.98381E-001	-6.78733E-004	..........a	-327.67
	296	76.725	-2.98548E-001	-2.98298E-001	-6.74333E-004	..........a	-327.67
	297	76.9833	-2.98468E-001	-2.98215E-001	-6.87000E-004	..........a	-327.67
	298	77.2417	-2.98387E-001	-2.98158E-001	-6.83267E-004	..........a	-327.67
	299	77.5	-2.98308E-001	-2.98088E-001	-6.77400E-004	..........a	-327.67
	300	77.7583	-2.98232E-001	-2.97992E-001	-6.71933E-004	..........a	-327.67
	301	78.0167	-2.98157E-001	-2.97882E-001	-6.76067E-004	..........a	-327.67
	302	78.275	-2.98078E-001	-2.97800E-001	-6.88000E-004	..........a	-327.67
	303	78.5333	-2.97992E-001	-2.97762E-001	-6.74133E-004	..........a	-327.67
	304	78.7917	-2.97907E-001	-2.97707E-001	-6.74600E-004	..........a	-327.67
	305	79.05	-2.97829E-001	-2.97603E-001	-6.78000E-004	..........a	-327.67
	306	79.3083	-2.97759E-001	-2.97496E-001	-6.73733E-004	..........a	-327.67
	307	79.5667	-2.97685E-001	-2.97405E-001	-6.79533E-004	..........a	-327.67
	308	79.825	-2.97602E-001	-2.97359E-001	-6.78000E-004	..........a	-327.67
	309	80.0833	-2.97516E-001	-2.97292E-001	-6.82067E-004	..........a	-327.67
	310	80.3417	-2.97434E-001	-2.97194E-001	-6.76867E-004	..........a	-327.67
	311	80.6	-2.97357E-001	-2.97097E-001	-6.70467E-004	..........a	-327.67
	312	80.8583	-2.97280E-001	-2.97014E-001	-6.82800E-004	..........a	-327.67
	313	81.1167	-2.97197E-001	-2.96950E-001	-6.85400E-004	..........a	-327.67
	314	81.375	-2.97113E-001	-2.96873E-001	-6.87667E-004	..........a	-327.67
	315	81.6333	-2.97031E-001	-2.96790E-001	-6.76600E-004	..........a	-327.67
	316	81.8917	-2.96952E-001	-2.96715E-001	-6.73333E-004	..........a	-327.67
	317	82.15	-2.96875E-001	-2.96641E-001	-6.80467E-004	..........a	-327.67
	318	82.4083	-2.96799E-001	-2.96581E-001	-6.84867E-004	..........a	-327.67
	319	82.6667	-2.96724E-001	-2.96531E-001	-6.86600E-004	..........a	-327.67
	320	82.925	-2.96655E-001	-2.96451E-001	-6.79400E-004	..........a	-327.67
	321	83.1833	-2.96588E-001	-2.96345E-001	-6.74267E-004	..........a	-327.67
	322	83.4417	-2.96519E-001	-2.96246E-001	-6.80733E-004	..........a	-327.67
	323	83.7	-2.96441E-001	-2.96187E-001	-6.77067E-004	..........a	-327.67
	324	83.9583	-2.96357E-001	-2.96152E-001	-6.84733E-004	..........a	-327.67
	325	84.2167	-2.96277E-001	-2.96088E-001	-6.83733E-004	..........a	-327.67
	326	84.475	-2.96207E-001	-2.95990E-001	-6.75467E-004	..........a	-327.67
	327	84.7333	-2.96142E-001	-2.95891E-001	-6.72333E-004	..........a	-327.67
	328	84.9917	-2.96071E-001	-2.95810E-001	-6.85533E-004	..........a	-327.67
	329	85.25	-2.95993E-001	-2.95763E-001	-6.76867E-004	..........a	-327.67
	330	85.5083	-2.95911E-001	-2.95707E-001	-6.77000E-004	..........a	-327.67
	331	85.7667	-2.95835E-001	-2.95626E-001	-6.79333E-004	..........a	-327.67
	332	86.025	-2.95766E-001	-2.95522E-001	-6.73733E-004	..........a	-327.67
	333	86.2833	-2.95695E-001	-2.95435E-001	-6.81533E-004	..........a	-327.67
	334	86.5417	-2.95619E-001	-2.95380E-001	-6.79667E-004	..........a	-327.67
	335	86.8	-2.95537E-001	-2.95317E-001	-6.86267E-004	..........a	-327.67
	336	87.0583	-2.95458E-001	-2.95231E-001	-6.82000E-004	..........a	-327.67
	337	87.3167	-2.95384E-001	-2.95153E-001	-6.78400E-004	..........a	-327.67
	338	87.575	-2.95311E-001	-2.95076E-001	-6.78467E-004	..........a	-327.67
	339	87.8333	-2.95237E-001	-2.95006E-001	-6.82533E-004	..........a	-327.67
	340	88.0917	-2.95162E-001	-2.94963E-001	-6.84600E-004	..........a	-327.67
	341	88.35	-2.95090E-001	-2.94910E-001	-6.85333E-004	..........a	-327.67
	342	88.6083	-2.95024E-001	-2.94817E-001	-6.77000E-004	..........a	-327.67
	343	88.8667	-2.94961E-001	-2.94726E-001	-6.74333E-004	..........a	-327.67
	344	89.125	-2.94894E-001	-2.94638E-001	-6.78400E-004	..........a	-327.67
	345	89.3833	-2.94818E-001	-2.94584E-001	-6.78467E-004	..........a	-327.67
	346	89.6417	-2.94739E-001	-2.94543E-001	-6.77533E-004	..........a	-327.67
	347	89.9	-2.94664E-001	-2.94466E-001	-6.81133E-004	..........a	-327.67
	348	90.1583	-2.94595E-001	-2.94334E-001	-6.76333E-004	..........a	-327.67
	349	90.4167	-2.94525E-001	-2.94224E-001	-6.81467E-004	..........a	-327.67
	350	90.675	-2.94443E-001	-2.94170E-001	-6.80533E-004	..........a	-327.67
	351	90.9333	-2.94352E-001	-2.94128E-001	-6.83333E-004	..........a	-327.67
	352	91.1917	-2.94264E-001	-2.94050E-001	-6.88600E-004	..........a	-327.67
	353	91.45	-2.94186E-001	-2.93940E-001	-6.82133E-004	..........a	-327.67
	354	91.7083	-2.94114E-001	-2.93846E-001	-6.78000E-004	..........a	-327.67
	355	91.9667	-2.94036E-001	-2.93784E-001	-6.95133E-004	..........a	-327.67
	356	92.225	-2.93954E-001	-2.93745E-001	-6.94533E-004	..........a	-327.67
	357	92.4833	-2.93874E-001	-2.93681E-001	-6.86667E-004	..........a	-327.67
	358	92.7417	-2.93803E-001	-2.93593E-001	-6.83333E-004	..........a	-327.67
	359	93	-2.93738E-001	-2.93520E-001	-6.82267E-004	..........a	-327.67
	360	93.2583	-2.93672E-001	-2.93454E-001	-6.83000E-004	..........a	-327.67
	361	93.5167	-2.93602E-001	-2.93409E-001	-6.88133E-004	..........a	-327.67
	362	93.775	-2.93534E-001	-2.93380E-001	-6.95133E-004	..........a	-327.67
	363	94.0333	-2.93473E-001	-2.93346E-001	-6.96200E-004	..........a	-327.67
	364	94.2917	-2.93423E-001	-2.93280E-001	-6.92400E-004	..........a	-327.67
	365	94.55	-2.93377E-001	-2.93159E-001	-6.79067E-004	..........a	-327.67
	366	94.8083	-2.93325E-001	-2.93050E-001	-6.81267E-004	..........a	-327.67
	367	95.067	-2.93255E-001	-2.92991E-001	-6.90467E-004	..........a	-327.67
	368	95.325	-2.93171E-001	-2.92966E-001	-6.82133E-004	..........a	-327.67
	369	95.583	-2.93089E-001	-2.92951E-001	-6.85933E-004	..........a	-327.67
	370	95.842	-2.93024E-001	-2.92932E-001	-6.78533E-004	..........a	-327.67
	371	96.1	-2.92980E-001	-2.92909E-001	-6.70000E-004	..........a	-327.67
	372	96.358	-2.92951E-001	-2.92874E-001	-6.70467E-004	..........a	-327.67
	373	96.617	-2.92927E-001	-2.92806E-001	-6.75400E-004	..........a	-327.67
	374	96.875	-2.92898E-001	-2.92716E-001	-6.82467E-004	..........a	-327.67
	375	97.133	-2.92855E-001	-2.92622E-001	-6.87067E-004	..........a	-327.67
	376	97.392	-2.92794E-001	-2.92520E-001	-6.88533E-004	..........a	-327.67
	377	97.65	-2.92715E-001	-2.92378E-001	-6.88667E-004	..........a	-327.67
	378	97.908	-2.92621E-001	-2.92270E-001	-6.87200E-004	..........a	-327.67
	379	98.167	-2.92514E-001	-2.92200E-001	-6.89267E-004	..........a	-327.67
	380	98.425	-2.92405E-001	-2.92163E-001	-6.84733E-004	..........a	-327.67
	381	98.683	-2.92307E-001	-2.92118E-001	-6.88533E-004	..........a	-327.67
	382	98.942	-2.92228E-001	-2.92044E-001	-6.79133E-004	..........a	-327.67
	383	99.2	-2.92164E-001	-2.91973E-001	-6.81467E-004	..........a	-327.67
	384	99.458	-2.92106E-001	-2.91900E-001	-6.79800E-004	..........a	-327.67
	385	99.717	-2.92045E-001	-2.91852E-001	-6.79067E-004	..........a	-327.67
	386	99.975	-2.91980E-001	-2.91804E-001	-6.85133E-004	..........a	-327.67
EOC	QUANT	-0.2919803	Open Circuit (V)
PSTATMODEL	IQUANT	5	Pstat Model
PSTATSECTION	LABEL	REF3000-34128	Pstat Section
PSTATSERIALNO	LABEL	34128	Pstat Serial Number
CTRLMODE	IQUANT	1	Control Mode
ELECTROMETER	IQUANT	0	RE=0 or CS=1
IESTAB	IQUANT	0	I/E Stability
CASPEED	IQUANT	3	Control Amp Speed
CONVENTION	IQUANT	1	Current Convention
ICHRANGE	IQUANT	2	Ich Range
ICHRANGEMODE	TOGGLE	F	Ich Auto Range
ICHOFFSETENABLE	TOGGLE	T	Ich Offset Enable
ICHOFFSET	QUANT	0	Ich Offset (V)
ICHFILTER	IQUANT	2	Ich Filter
VCHRANGE	IQUANT	2	Vch Range
VCHRANGEMODE	TOGGLE	F	Vch Auto Range
VCHOFFSETENABLE	TOGGLE	T	Vch Offset Enable
VCHOFFSET	QUANT	0	Vch Offset (V)
VCHFILTER	IQUANT	2	Vch Filter
ACHRANGE	IQUANT	2	Ach Range
ACHOFFSETENABLE	TOGGLE	F	Ach Offset Enable
ACHOFFSET	QUANT	0	Ach Offset (V)
ACHFILTER	IQUANT	1	Ach Filter
IERANGELOWERLIMIT	IQUANT	2	I/E Range Lower Limit
IERANGEMODE	TOGGLE	F	I/E AutoRange
IERANGE	IQUANT	10	I/E Range
POSFEEDENABLE	TOGGLE	F	Positive Feedback IR Comp
POSFEEDRESISTANCE	QUANT	0	Positive Feedback Resistance (ohm)
ACHSELECT	IQUANT	1	Ach Select
CABLEID	IQUANT	14	Cable ID
DCCALDATE	LABEL	4/23/2018	DC Calibration Date
ACCALDATE	LABEL	4/23/2018	AC Calibration Date
THERMOSELECT	IQUANT	1	Thermo Select
FRAMEWORKVERSION	QUANT	7.05	Framework Version
INSTRUMENTVERSION	LABEL	4.21	Instrument Version
COMPLIANCEVOLTAGE	IQUANT	1	Compliance Voltage
ZCURVE	TABLE
	Pt	Time	Freq	Zreal	Zimag	Zsig	Zmod	Zphz	Idc	Vdc	IERange
	#	s	Hz	ohm	ohm	V	ohm	°	A	V	#
	0	1	200015.6	825.8584	-1367.239	1	1597.306	-58.86662	-5.89286E-006	-0.3413299	9
	1	3	158953.1	1100.361	-1502.195	1	1862.091	-53.77713	-3.687873E-006	-0.3415995	9
	2	5	126234.4	1401.721	-1621.813	1	2143.618	-49.16337	-3.64071E-006	-0.3411014	8
	3	7	100265.6	1739.625	-1672.93	1	2413.502	-43.88036	-3.393947E-006	-0.3410123	8
	4	8	79640.63	2087.403	-1668.395	1	2672.226	-38.63424	-3.259263E-006	-0.3411529	8
	5	9	63328.12	2422.298	-1620.144	1	2914.171	-33.77643	-3.164519E-006	-0.3410966	8
	6	11	50296.88	2720.257	-1506.859	1	3109.73	-28.98382	-3.039019E-006	-0.3409874	8
	7	12	39984.37	2982.016	-1407.856	1	3297.647	-25.27271	-3.081205E-006	-0.3410543	7
	8	13	31734.38	3212.336	-1266.296	1	3452.913	-21.51425	-3.00647E-006	-0.3410061	7
	9	15	25265.63	3359.629	-1091.802	1	3532.582	-18.00297	-2.967855E-006	-0.3409618	7
	10	16	20015.62	3499.298	-947.1432	1	3625.213	-15.14517	-2.919049E-006	-0.340946	7
	11	17	15890.62	3598.306	-813.0331	1	3689.015	-12.73212	-2.878246E-006	-0.3410424	7
	12	19	12703.13	3688.117	-704.9116	1	3754.878	-10.82047	-2.8371E-006	-0.340946	7
	13	20	10078.13	3766.628	-606.206	1	3815.098	-9.142855	-2.798412E-006	-0.3410886	7
	14	21	8015.625	3808.92	-516.6904	1	3843.805	-7.725174	-2.777188E-006	-0.3409559	7
	15	23	6328.125	3842.264	-439.2898	1	3867.295	-6.522361	-2.760411E-006	-0.34098	7
	16	24	5009.191	3902.565	-382.0586	1	3921.222	-5.591402	-2.715696E-006	-0.3410817	7
	17	25	3998.162	3927.298	-327.8677	1	3940.96	-4.772231	-2.69764E-006	-0.3409519	7
	18	27	3170.956	3944.01	-279.8773	1	3953.928	-4.059054	-2.684955E-006	-0.3409741	7
	19	28	2527.573	3987.966	-247.0336	1	3995.61	-3.544644	-2.656999E-006	-0.3410974	7
	20	29	2015.625	3998.507	-214.7129	1	4004.268	-3.073732	-2.642501E-006	-0.3411082	7
	21	31	1577.524	4029.045	-187.785	1	4033.419	-2.6685	-2.616042E-006	-0.3410849	7
	22	32	1265.625	4044.939	-163.6504	1	4048.248	-2.316812	-2.59937E-006	-0.3409813	7
	23	33	998.264	4077.349	-146.0875	1	4079.965	-2.051975	-2.586773E-006	-0.3411021	7
	24	35	796.875	4068.979	-128.724	1	4071.014	-1.811974	-2.578206E-006	-0.3410989	7
	25	36	627.7902	4072.986	-114.1715	1	4074.586	-1.60566	-2.575558E-006	-0.340972	7
	26	37	505.5147	4078.837	-105.0351	1	4080.189	-1.475111	-2.561703E-006	-0.3410137	7
	27	39	397.9953	4107.241	-95.6213	1	4108.354	-1.33367	-2.540645E-006	-0.3410159	7
	28	40	315.5048	4130.96	-88.8763	1	4131.916	-1.23251	-2.530964E-006	-0.3410132	7
	29	41	252.4038	4143.088	-82.36904	1	4143.907	-1.138952	-2.519474E-006	-0.3410137	7
	30	43	198.6229	4164.664	-77.56557	1	4165.386	-1.066993	-2.505077E-006	-0.3410156	7
	31	44	158.3615	4183.986	-73.49171	1	4184.631	-1.006297	-2.495141E-006	-0.3410127	7
	32	45	125.558	4206.823	-70.95162	1	4207.421	-0.96625	-2.488844E-006	-0.3410158	7
	33	47	100.4464	4225.685	-68.13791	1	4226.234	-0.9237974	-2.477703E-006	-0.3410141	7
	34	48	79.90057	4230.309	-69.87909	1	4230.886	-0.9463642	-2.475725E-006	-0.3410142	7
	35	49	63.3446	4228.707	-68.70265	1	4229.265	-0.930787	-2.473252E-006	-0.3410121	7
	36	51	49.86702	4242.562	-73.79854	1	4243.204	-0.996548	-2.458491E-006	-0.3410124	7
	37	52	39.72458	4250.716	-78.35508	1	4251.438	-1.056035	-2.448621E-006	-0.3410158	7
	38	53	31.6723	4219.722	-81.94554	1	4220.517	-1.112525	-2.450807E-006	-0.3410114	7
	39	55	24.93351	4208.409	-94.86475	1	4209.478	-1.291327	-2.461956E-006	-0.3410117	7
	40	56	19.86229	4203.486	-104.9407	1	4204.795	-1.430102	-2.516145E-006	-0.3411886	7
	41	57	15.83615	4213.595	-122.1189	1	4215.364	-1.660088	-2.537071E-006	-0.3411863	7
	42	59	12.40079	4241.487	-142.8908	1	4243.894	-1.929499	-2.53302E-006	-0.3411894	7
	43	60	9.93114	4258.891	-164.5738	1	4262.07	-2.212945	-2.527695E-006	-0.3411901	7
	44	61	7.944915	4295.819	-195.5508	1	4300.268	-2.606373	-2.51719E-006	-0.3411826	7
	45	63	6.317385	4297.472	-228.205	1	4303.527	-3.039673	-2.518544E-006	-0.3411832	7
	46	65	5.008013	4313.771	-275.2808	1	4322.546	-3.651345	-2.516387E-006	-0.3411848	7
	47	67	4.020154	4361.165	-321.6813	1	4373.013	-4.218521	-2.499301E-006	-0.3411853	7
	48	69	3.158693	4408.525	-387.5287	1	4425.525	-5.023638	-2.494316E-006	-0.3411854	7
	49	72	2.504006	4430.184	-470.5144	1	4455.1	-6.062459	-2.48491E-006	-0.3411898	7
	50	75	1.998082	4495.299	-558.4168	1	4529.85	-7.081144	-2.479271E-006	-0.3411921	7
	51	79	1.584686	4571.314	-655.9384	1	4618.135	-8.165641	-2.467729E-006	-0.3411921	7
	52	83	1.266892	4632.138	-773.8778	1	4696.337	-9.484644	-2.461648E-006	-0.341189	7
	53	88	0.999041	4753.051	-913.8754	1	4840.11	-10.88352	-2.443854E-006	-0.3411925	7
	54	94	0.7923428	4889.047	-1069.582	1	5004.676	-12.34024	-2.43927E-006	-0.341192	7
	55	100	0.633446	5038.293	-1243.894	1	5189.574	-13.8683	-2.420312E-006	-0.3411922	7
	56	108	0.5040323	5218.515	-1440.5	1	5413.681	-15.43144	-2.409594E-006	-0.341192	7
	57	117	0.400641	5444.164	-1644.846	1	5687.217	-16.81115	-2.397996E-006	-0.3411914	7
	58	128	0.3188775	5926.305	-1891.697	1	6220.901	-17.70326	-2.339145E-006	-0.3411929	7
	59	141	0.2520161	6461.792	-2170.397	1	6816.551	-18.56626	-2.310867E-006	-0.3411875	7
	60	158	0.2003205	7343.626	-2427.713	1	7734.509	-18.29325	-2.233252E-006	-0.341192	7
	61	179	0.1588983	7986.202	-2737.648	1	8442.401	-18.92157	-2.248443E-006	-0.3411916	7
	62	204	0.1263477	8435.127	-3059.258	1	8972.76	-19.93473	-2.262905E-006	-0.3411871	7
	63	234	0.1003747	8973.929	-3423.424	1	9604.75	-20.88113	-2.275218E-006	-0.3411847	7
	64	270	0.0797194	10123.93	-3800.406	1	10813.75	-20.57555	-2.220052E-006	-0.3411861	7
	65	308	0.0632591	10823.63	-4165.968	1	11597.68	-21.0515	-2.224564E-006	-0.3411882	7
	66	357	0.0502412	11628.01	-4477.789	1	12460.38	-21.06103	-2.219482E-006	-0.34119	7
	67	418	0.0399276	12514.52	-4931.03	1	13450.96	-21.50567	-2.219679E-006	-0.3411894	7
	68	494	0.0317152	13482.75	-5301.367	1	14487.55	-21.46456	-2.214189E-006	-0.3411872	7
	69	590	0.0251881	14713.85	-5703.416	1	15780.57	-21.18744	-2.215432E-006	-0.3411895	7
	70	710	0.0200064	15701.81	-6161.72	1	16867.53	-21.42609	-2.226001E-006	-0.3411875	7
	71	861	0.0158898	17007.49	-6635.557	1	18256.1	-21.31349	-2.233894E-006	-0.3411888	7
