Potential (V)	Current (A)	Elapsed Time (s)	Frequency (Hz)	Zre (ohms)	Zim (ohms)	|Vac| (V)	|Iac| (A)	
3.49322700500488	-0.149962306022644	10	0	0	0	0	0	
3.4923050403595	-0.149962306022644	20	0	0	0	0	0	
3.49138307571411	-0.14996999502182	30	0	0	0	0	0	
3.49046111106873	-0.149954602122307	40	0	0	0	0	0	
3.49015402793884	-0.149962306022644	50	0	0	0	0	0	
3.48953890800476	-0.149962306022644	60	0	0	0	0	0	
3.48892402648926	-0.149977698922157	70	0	0	0	0	0	
3.48861694335938	-0.149962306022644	80	0	0	0	0	0	
3.48769497871399	-0.149954602122307	90	0	0	0	0	0	
3.4870810508728	-0.149962306022644	100	0	0	0	0	0	
3.4867730140686	-0.149954602122307	110	0	0	0	0	0	
3.48585104942322	-0.14996999502182	120	0	0	0	0	0	
3.48585104942322	-0.149962306022644	130	0	0	0	0	0	
3.48523688316345	-0.149962306022644	140	0	0	0	0	0	
3.48523688316345	-0.14996999502182	150	0	0	0	0	0	
3.48462200164795	-0.149962306022644	160	0	0	0	0	0	
3.48492908477783	-0.149947002530098	170	0	0	0	0	0	
3.48370003700256	-0.149962306022644	180	0	0	0	0	0	
3.48370003700256	-0.149962306022644	190	0	0	0	0	0	
3.48339295387268	-0.149954602122307	200	0	0	0	0	0	
3.48308610916138	-0.14996999502182	210	0	0	0	0	0	
3.48277807235718	-0.14996999502182	220	0	0	0	0	0	
3.48216390609741	-0.149954602122307	230	0	0	0	0	0	
3.48247098922729	-0.149962306022644	240	0	0	0	0	0	
3.48185610771179	-0.149954602122307	250	0	0	0	0	0	
3.48154902458191	-0.149954602122307	260	0	0	0	0	0	
3.48124194145203	-0.149962306022644	270	0	0	0	0	0	
3.48031997680664	-0.149962306022644	280	0	0	0	0	0	
3.48062705993652	-0.149962306022644	290	0	0	0	0	0	
3.48093390464783	-0.149962306022644	300	0	0	0	0	0	
3.48062705993652	-0.14996999502182	310	0	0	0	0	0	
3.48001289367676	-0.14996999502182	320	0	0	0	0	0	
3.48001289367676	-0.149954602122307	330	0	0	0	0	0	
3.47909092903137	-0.149947002530098	340	0	0	0	0	0	
3.47878289222717	-0.149962306022644	350	0	0	0	0	0	
3.47847604751587	-0.149954602122307	360	0	0	0	0	0	
3.47847604751587	-0.149954602122307	370	0	0	0	0	0	
3.47847604751587	-0.149962306022644	380	0	0	0	0	0	
3.47816896438599	-0.149962306022644	390	0	0	0	0	0	
3.47786092758179	-0.149962306022644	400	0	0	0	0	0	
3.47786092758179	-0.149954602122307	410	0	0	0	0	0	
3.47755408287048	-0.149954602122307	420	0	0	0	0	0	
3.4772469997406	-0.149977698922157	430	0	0	0	0	0	
3.47693991661072	-0.149962306022644	440	0	0	0	0	0	
3.4766321182251	-0.14996999502182	450	0	0	0	0	0	
3.47632503509521	-0.14996999502182	460	0	0	0	0	0	
3.4766321182251	-0.149962306022644	470	0	0	0	0	0	
3.47601795196533	-0.149962306022644	480	0	0	0	0	0	
3.47601795196533	-0.149962306022644	490	0	0	0	0	0	
3.47570991516113	-0.149954602122307	500	0	0	0	0	0	
3.47570991516113	-0.149962306022644	510	0	0	0	0	0	
3.47540307044983	-0.149954602122307	520	0	0	0	0	0	
3.47509598731995	-0.149962306022644	530	0	0	0	0	0	
3.47478795051575	-0.149962306022644	540	0	0	0	0	0	
3.47478795051575	-0.149977698922157	550	0	0	0	0	0	
3.47417402267456	-0.149962306022644	560	0	0	0	0	0	
3.47448110580444	-0.14996999502182	570	0	0	0	0	0	
3.47417402267456	-0.149954602122307	580	0	0	0	0	0	
3.47386598587036	-0.149977698922157	590	0	0	0	0	0	
3.47355890274048	-0.14996999502182	600	0	0	0	0	0	
3.47325205802917	-0.149962306022644	610	0	0	0	0	0	
3.47294497489929	-0.149954602122307	620	0	0	0	0	0	
3.47294497489929	-0.149947002530098	630	0	0	0	0	0	
3.47233009338379	-0.149947002530098	640	0	0	0	0	0	
3.47263693809509	-0.149962306022644	650	0	0	0	0	0	
3.47233009338379	-0.149977698922157	660	0	0	0	0	0	
3.47202301025391	-0.149977698922157	670	0	0	0	0	0	
3.47202301025391	-0.149962306022644	680	0	0	0	0	0	
3.47171497344971	-0.14996999502182	690	0	0	0	0	0	
3.47171497344971	-0.149962306022644	700	0	0	0	0	0	
3.47140789031982	-0.149962306022644	710	0	0	0	0	0	
3.47079300880432	-0.14996999502182	720	0	0	0	0	0	
3.47048592567444	-0.149947002530098	730	0	0	0	0	0	
3.47079300880432	-0.149962306022644	740	0	0	0	0	0	
3.47048592567444	-0.149962306022644	750	0	0	0	0	0	
3.47017908096313	-0.14996999502182	760	0	0	0	0	0	
3.46987199783325	-0.149977698922157	770	0	0	0	0	0	
3.46956396102905	-0.14996999502182	780	0	0	0	0	0	
3.46956396102905	-0.149962306022644	790	0	0	0	0	0	
3.46925711631775	-0.14996999502182	800	0	0	0	0	0	
3.46925711631775	-0.149962306022644	810	0	0	0	0	0	
3.46895003318787	-0.149977698922157	820	0	0	0	0	0	
3.46833491325378	-0.149954602122307	830	0	0	0	0	0	
3.46833491325378	-0.149962306022644	840	0	0	0	0	0	
3.46833491325378	-0.149977698922157	850	0	0	0	0	0	
3.46802806854248	-0.149962306022644	860	0	0	0	0	0	
3.4677209854126	-0.149962306022644	870	0	0	0	0	0	
3.4677209854126	-0.14996999502182	880	0	0	0	0	0	
3.4677209854126	-0.14996999502182	890	0	0	0	0	0	
3.46710610389709	-0.149954602122307	900	0	0	0	0	0	
3.46679902076721	-0.149947002530098	910	0	0	0	0	0	
3.46679902076721	-0.149962306022644	920	0	0	0	0	0	
3.46679902076721	-0.149962306022644	930	0	0	0	0	0	
3.46618390083313	-0.149962306022644	940	0	0	0	0	0	
3.46587705612183	-0.14996999502182	950	0	0	0	0	0	
3.46556901931763	-0.149954602122307	960	0	0	0	0	0	
3.46556901931763	-0.149954602122307	970	0	0	0	0	0	
3.46556901931763	-0.149962306022644	980	0	0	0	0	0	
3.46526193618774	-0.149962306022644	990	0	0	0	0	0	
3.46526193618774	-0.149954602122307	1000	0	0	0	0	0	
3.46464800834656	-0.149962306022644	1010	0	0	0	0	0	
3.46464800834656	-0.149947002530098	1020	0	0	0	0	0	
3.46433997154236	-0.149954602122307	1030	0	0	0	0	0	
3.46403288841248	-0.14996999502182	1040	0	0	0	0	0	
3.46372604370117	-0.14996999502182	1050	0	0	0	0	0	
3.46372604370117	-0.149977698922157	1060	0	0	0	0	0	
3.46311092376709	-0.149962306022644	1070	0	0	0	0	0	
3.46311092376709	-0.149962306022644	1080	0	0	0	0	0	
3.46311092376709	-0.149954602122307	1090	0	0	0	0	0	
3.46280407905579	-0.149977698922157	1100	0	0	0	0	0	
3.4621889591217	-0.149962306022644	1110	0	0	0	0	0	
3.4618821144104	-0.149962306022644	1120	0	0	0	0	0	
3.4618821144104	-0.149977698922157	1130	0	0	0	0	0	
3.46126699447632	-0.149962306022644	1140	0	0	0	0	0	
3.46126699447632	-0.149962306022644	1150	0	0	0	0	0	
3.46095991134644	-0.149962306022644	1160	0	0	0	0	0	
3.46034502983093	-0.149962306022644	1170	0	0	0	0	0	
3.46065306663513	-0.14996999502182	1180	0	0	0	0	0	
3.46034502983093	-0.149947002530098	1190	0	0	0	0	0	
3.46003794670105	-0.14996999502182	1200	0	0	0	0	0	
3.45942306518555	-0.149954602122307	1210	0	0	0	0	0	
3.45942306518555	-0.14996999502182	1220	0	0	0	0	0	
3.45911598205566	-0.149977698922157	1230	0	0	0	0	0	
3.45850205421448	-0.14996999502182	1240	0	0	0	0	0	
3.45819401741028	-0.149962306022644	1250	0	0	0	0	0	
3.45819401741028	-0.14996999502182	1260	0	0	0	0	0	
3.45819401741028	-0.14996999502182	1270	0	0	0	0	0	
3.4578869342804	-0.14996999502182	1280	0	0	0	0	0	
3.45758008956909	-0.149962306022644	1290	0	0	0	0	0	
3.45758008956909	-0.149962306022644	1300	0	0	0	0	0	
3.45665788650513	-0.149954602122307	1310	0	0	0	0	0	
3.45665788650513	-0.149954602122307	1320	0	0	0	0	0	
3.45635008811951	-0.149954602122307	1330	0	0	0	0	0	
3.45604300498962	-0.14996999502182	1340	0	0	0	0	0	
3.45512104034424	-0.149954602122307	1350	0	0	0	0	0	
3.45481395721436	-0.149977698922157	1360	0	0	0	0	0	
3.45512104034424	-0.149962306022644	1370	0	0	0	0	0	
3.45450711250305	-0.14996999502182	1380	0	0	0	0	0	
3.45389199256897	-0.149962306022644	1390	0	0	0	0	0	
3.45389199256897	-0.149954602122307	1400	0	0	0	0	0	
3.45358490943909	-0.149962306022644	1410	0	0	0	0	0	
3.45297002792358	-0.149962306022644	1420	0	0	0	0	0	
3.4526629447937	-0.149954602122307	1430	0	0	0	0	0	
3.4523549079895	-0.149962306022644	1440	0	0	0	0	0	
3.4520480632782	-0.149954602122307	1450	0	0	0	0	0	
3.45143389701843	-0.14996999502182	1460	0	0	0	0	0	
3.45143389701843	-0.14996999502182	1470	0	0	0	0	0	
3.45081901550293	-0.149977698922157	1480	0	0	0	0	0	
3.45051193237305	-0.149954602122307	1490	0	0	0	0	0	
3.45020389556885	-0.149954602122307	1500	0	0	0	0	0	
3.44928193092346	-0.149962306022644	1510	0	0	0	0	0	
3.44928193092346	-0.149954602122307	1520	0	0	0	0	0	
3.44897508621216	-0.149954602122307	1530	0	0	0	0	0	
3.44836091995239	-0.149962306022644	1540	0	0	0	0	0	
3.44805288314819	-0.14996999502182	1550	0	0	0	0	0	
3.44774603843689	-0.149977698922157	1560	0	0	0	0	0	
3.44743895530701	-0.149954602122307	1570	0	0	0	0	0	
3.44651699066162	-0.14996999502182	1580	0	0	0	0	0	
3.44590210914612	-0.14996999502182	1590	0	0	0	0	0	
3.44559502601624	-0.14996999502182	1600	0	0	0	0	0	
3.44497990608215	-0.14996999502182	1610	0	0	0	0	0	
3.44467306137085	-0.149954602122307	1620	0	0	0	0	0	
3.44405794143677	-0.149962306022644	1630	0	0	0	0	0	
3.44375109672546	-0.149962306022644	1640	0	0	0	0	0	
3.44313597679138	-0.149962306022644	1650	0	0	0	0	0	
3.4425220489502	-0.149962306022644	1660	0	0	0	0	0	
3.44190692901611	-0.14996999502182	1670	0	0	0	0	0	
3.44098496437073	-0.149954602122307	1680	0	0	0	0	0	
3.44067788124084	-0.14996999502182	1690	0	0	0	0	0	
3.43975591659546	-0.14996999502182	1700	0	0	0	0	0	
3.44006299972534	-0.149962306022644	1710	0	0	0	0	0	
3.43914198875427	-0.149962306022644	1720	0	0	0	0	0	
3.43822002410889	-0.149962306022644	1730	0	0	0	0	0	
3.43791198730469	-0.149977698922157	1740	0	0	0	0	0	
3.4369900226593	-0.149962306022644	1750	0	0	0	0	0	
3.43606901168823	-0.149962306022644	1760	0	0	0	0	0	
3.43576097488403	-0.14996999502182	1770	0	0	0	0	0	
3.43483901023865	-0.149954602122307	1780	0	0	0	0	0	
3.43391799926758	-0.14996999502182	1790	0	0	0	0	0	
3.43330311775208	-0.149954602122307	1800	0	0	0	0	0	
3.43268799781799	-0.149962306022644	1810	0	0	0	0	0	
3.43145895004272	-0.149962306022644	1820	0	0	0	0	0	
3.43084406852722	-0.149954602122307	1830	0	0	0	0	0	
3.42992305755615	-0.14996999502182	1840	0	0	0	0	0	
3.42900109291077	-0.149962306022644	1850	0	0	0	0	0	
3.42838597297668	-0.149962306022644	1860	0	0	0	0	0	
3.42715692520142	-0.14996999502182	1870	0	0	0	0	0	
3.42592811584473	-0.149962306022644	1880	0	0	0	0	0	
3.42592811584473	-0.14996999502182	1890	0	0	0	0	0	
3.42408394813538	-0.149962306022644	1900	0	0	0	0	0	
3.42316198348999	-0.149962306022644	1910	0	0	0	0	0	
3.4222400188446	-0.149977698922157	1920	0	0	0	0	0	
3.42101097106934	-0.149962306022644	1930	0	0	0	0	0	
3.41978192329407	-0.149954602122307	1940	0	0	0	0	0	
3.41855192184448	-0.149962306022644	1950	0	0	0	0	0	
3.4176299571991	-0.14996999502182	1960	0	0	0	0	0	
3.41609406471252	-0.14996999502182	1970	0	0	0	0	0	
3.41517210006714	-0.149962306022644	1980	0	0	0	0	0	
3.41424989700317	-0.149985402822495	1990	0	0	0	0	0	
3.4127140045166	-0.149947002530098	2000	0	0	0	0	0	
3.41179203987122	-0.14996999502182	2010	0	0	0	0	0	
3.41025495529175	-0.149962306022644	2020	0	0	0	0	0	
3.40871906280518	-0.149962306022644	2030	0	0	0	0	0	
3.40749001502991	-0.149962306022644	2040	0	0	0	0	0	
3.40656805038452	-0.149962306022644	2050	0	0	0	0	0	
3.40472388267517	-0.149977698922157	2060	0	0	0	0	0	
3.40349507331848	-0.149947002530098	2070	0	0	0	0	0	
3.4022650718689	-0.14996999502182	2080	0	0	0	0	0	
3.40042209625244	-0.14996999502182	2090	0	0	0	0	0	
3.39949989318848	-0.14996999502182	2100	0	0	0	0	0	
3.39796304702759	-0.149962306022644	2110	0	0	0	0	0	
3.39611911773682	-0.149962306022644	2120	0	0	0	0	0	
3.39519691467285	-0.149947002530098	2130	0	0	0	0	0	
3.39366102218628	-0.149962306022644	2140	0	0	0	0	0	
3.39212393760681	-0.149962306022644	2150	0	0	0	0	0	
3.39089488983154	-0.149954602122307	2160	0	0	0	0	0	
3.38905096054077	-0.149954602122307	2170	0	0	0	0	0	
3.3878219127655	-0.149962306022644	2180	0	0	0	0	0	
3.38597798347473	-0.149954602122307	2190	0	0	0	0	0	
3.38474893569946	-0.149962306022644	2200	0	0	0	0	0	
3.38321304321289	-0.149939298629761	2210	0	0	0	0	0	
3.38136911392212	-0.149962306022644	2220	0	0	0	0	0	
3.37983298301697	-0.14996999502182	2230	0	0	0	0	0	
3.3782958984375	-0.149962306022644	2240	0	0	0	0	0	
3.37676000595093	-0.14996999502182	2250	0	0	0	0	0	
3.37522292137146	-0.149962306022644	2260	0	0	0	0	0	
3.37337899208069	-0.149962306022644	2270	0	0	0	0	0	
3.37184309959412	-0.149939298629761	2280	0	0	0	0	0	
3.37030601501465	-0.149962306022644	2290	0	0	0	0	0	
3.36846208572388	-0.149962306022644	2300	0	0	0	0	0	
3.36661791801453	-0.149962306022644	2310	0	0	0	0	0	
3.36477494239807	-0.14996999502182	2320	0	0	0	0	0	
3.36323809623718	-0.14996999502182	2330	0	0	0	0	0	
3.36200904846191	-0.149985402822495	2340	0	0	0	0	0	
3.35985803604126	-0.149954602122307	2350	0	0	0	0	0	
3.35832095146179	-0.149962306022644	2360	0	0	0	0	0	
3.35647702217102	-0.14996999502182	2370	0	0	0	0	0	
3.35463404655457	-0.149977698922157	2380	0	0	0	0	0	
3.35279011726379	-0.149962306022644	2390	0	0	0	0	0	
3.35094594955444	-0.149954602122307	2400	0	0	0	0	0	
3.34910202026367	-0.149954602122307	2410	0	0	0	0	0	
3.3478729724884	-0.14996999502182	2420	0	0	0	0	0	
3.34572196006775	-0.14996999502182	2430	0	0	0	0	0	
3.34357094764709	-0.14996999502182	2440	0	0	0	0	0	
3.34234189987183	-0.14996999502182	2450	0	0	0	0	0	
3.34019088745117	-0.14996999502182	2460	0	0	0	0	0	
3.3383469581604	-0.149962306022644	2470	0	0	0	0	0	
3.33650302886963	-0.149954602122307	2480	0	0	0	0	0	
3.33435201644897	-0.14996999502182	2490	0	0	0	0	0	
3.3325080871582	-0.149962306022644	2500	0	0	0	0	0	
3.33097100257874	-0.149962306022644	2510	0	0	0	0	0	
3.3285129070282	-0.149947002530098	2520	0	0	0	0	0	
3.32666897773743	-0.149962306022644	2530	0	0	0	0	0	
3.32451796531677	-0.149954602122307	2540	0	0	0	0	0	
3.32267498970032	-0.149962306022644	2550	0	0	0	0	0	
3.32052302360535	-0.149962306022644	2560	0	0	0	0	0	
3.31837201118469	-0.149947002530098	2570	0	0	0	0	0	
3.31622099876404	-0.149954602122307	2580	0	0	0	0	0	
3.31468510627747	-0.149962306022644	2590	0	0	0	0	0	
3.31222605705261	-0.149962306022644	2600	0	0	0	0	0	
3.31007504463196	-0.149962306022644	2610	0	0	0	0	0	
3.30823111534119	-0.149962306022644	2620	0	0	0	0	0	
3.30577301979065	-0.14996999502182	2630	0	0	0	0	0	
3.30362200737	-0.149962306022644	2640	0	0	0	0	0	
3.30147099494934	-0.149962306022644	2650	0	0	0	0	0	
3.29962706565857	-0.14996999502182	2660	0	0	0	0	0	
3.32110190391541	0.14994689822197	2670	0	0	0	0	0	
3.32571196556091	0.14994689822197	2680	0	0	0	0	0	
3.32970690727234	0.149939298629761	2690	0	0	0	0	0	
3.33247303962708	0.149939298629761	2700	0	0	0	0	0	
3.33523797988892	0.149939298629761	2710	0	0	0	0	0	
3.33861899375916	0.149939298629761	2720	0	0	0	0	0	
3.34107708930969	0.14991620182991	2730	0	0	0	0	0	
3.34384298324585	0.149939298629761	2740	0	0	0	0	0	
3.3459939956665	0.149939298629761	2750	0	0	0	0	0	
3.34845304489136	0.14994689822197	2760	0	0	0	0	0	
3.35060405731201	0.149939298629761	2770	0	0	0	0	0	
3.35306191444397	0.149939298629761	2780	0	0	0	0	0	
3.35552096366882	0.149931594729424	2790	0	0	0	0	0	
3.35736489295959	0.149939298629761	2800	0	0	0	0	0	
3.35951590538025	0.149931594729424	2810	0	0	0	0	0	
3.3616669178009	0.149931594729424	2820	0	0	0	0	0	
3.36412596702576	0.149939298629761	2830	0	0	0	0	0	
3.36627697944641	0.14994689822197	2840	0	0	0	0	0	
3.36842799186707	0.149931594729424	2850	0	0	0	0	0	
3.37027192115784	0.149931594729424	2860	0	0	0	0	0	
3.37211608886719	0.14994689822197	2870	0	0	0	0	0	
3.37426710128784	0.149954602122307	2880	0	0	0	0	0	
3.37611103057861	0.149923905730248	2890	0	0	0	0	0	
3.37795400619507	0.149954602122307	2900	0	0	0	0	0	
3.37979793548584	0.149962306022644	2910	0	0	0	0	0	
3.38225698471069	0.14994689822197	2920	0	0	0	0	0	
3.38410091400146	0.149931594729424	2930	0	0	0	0	0	
3.38563704490662	0.149931594729424	2940	0	0	0	0	0	
3.38748097419739	0.149939298629761	2950	0	0	0	0	0	
3.38963198661804	0.149931594729424	2960	0	0	0	0	0	
3.39086198806763	0.149939298629761	2970	0	0	0	0	0	
3.39301300048828	0.149923905730248	2980	0	0	0	0	0	
3.39454889297485	0.149962306022644	2990	0	0	0	0	0	
3.39669990539551	0.149939298629761	3000	0	0	0	0	0	
3.39854407310486	0.14994689822197	3010	0	0	0	0	0	
3.40038800239563	0.149939298629761	3020	0	0	0	0	0	
3.4019250869751	0.149954602122307	3030	0	0	0	0	0	
3.40376901626587	0.149939298629761	3040	0	0	0	0	0	
3.40530490875244	0.149939298629761	3050	0	0	0	0	0	
3.40714907646179	0.149931594729424	3060	0	0	0	0	0	
3.40868496894836	0.149939298629761	3070	0	0	0	0	0	
3.41052889823914	0.149939298629761	3080	0	0	0	0	0	
3.41175889968872	0.149939298629761	3090	0	0	0	0	0	
3.41360211372375	0.149939298629761	3100	0	0	0	0	0	
3.41513895988464	0.149939298629761	3110	0	0	0	0	0	
3.41698288917542	0.149939298629761	3120	0	0	0	0	0	
3.41851902008057	0.149939298629761	3130	0	0	0	0	0	
3.42005610466003	0.14994689822197	3140	0	0	0	0	0	
3.42128491401672	0.149939298629761	3150	0	0	0	0	0	
3.42343592643738	0.149923905730248	3160	0	0	0	0	0	
3.42528009414673	0.149939298629761	3170	0	0	0	0	0	
3.42589497566223	0.14994689822197	3180	0	0	0	0	0	
3.42743110656738	0.149939298629761	3190	0	0	0	0	0	
3.42927503585815	0.14994689822197	3200	0	0	0	0	0	
3.43050503730774	0.149939298629761	3210	0	0	0	0	0	
3.43204092979431	0.149931594729424	3220	0	0	0	0	0	
3.43357801437378	0.149931594729424	3230	0	0	0	0	0	
3.43480706214905	0.149931594729424	3240	0	0	0	0	0	
3.43665099143982	0.149931594729424	3250	0	0	0	0	0	
3.43726491928101	0.149954602122307	3260	0	0	0	0	0	
3.43941593170166	0.149931594729424	3270	0	0	0	0	0	
3.44095301628113	0.149939298629761	3280	0	0	0	0	0	
3.4421820640564	0.149931594729424	3290	0	0	0	0	0	
3.44341206550598	0.149931594729424	3300	0	0	0	0	0	
3.44494795799255	0.14994689822197	3310	0	0	0	0	0	
3.44586992263794	0.149931594729424	3320	0	0	0	0	0	
3.44832801818848	0.149923905730248	3330	0	0	0	0	0	
3.44894289970398	0.149939298629761	3340	0	0	0	0	0	
3.45047998428345	0.149931594729424	3350	0	0	0	0	0	
3.45140099525452	0.149939298629761	3360	0	0	0	0	0	
3.45293807983398	0.149931594729424	3370	0	0	0	0	0	
3.45416688919067	0.149939298629761	3380	0	0	0	0	0	
3.45539689064026	0.149931594729424	3390	0	0	0	0	0	
3.45662593841553	0.149939298629761	3400	0	0	0	0	0	
3.45816206932068	0.149939298629761	3410	0	0	0	0	0	
3.45939207077026	0.149931594729424	3420	0	0	0	0	0	
3.46031403541565	0.149931594729424	3430	0	0	0	0	0	
3.46184992790222	0.14994689822197	3440	0	0	0	0	0	
3.46307897567749	0.14994689822197	3450	0	0	0	0	0	
3.46430897712708	0.149939298629761	3460	0	0	0	0	0	
3.46553802490234	0.149931594729424	3470	0	0	0	0	0	
3.46615195274353	0.149939298629761	3480	0	0	0	0	0	
3.46738195419312	0.149923905730248	3490	0	0	0	0	0	
3.46891808509827	0.149923905730248	3500	0	0	0	0	0	
3.46984004974365	0.149939298629761	3510	0	0	0	0	0	
3.47106909751892	0.149939298629761	3520	0	0	0	0	0	
3.47199106216431	0.149931594729424	3530	0	0	0	0	0	
3.47322106361389	0.14994689822197	3540	0	0	0	0	0	
3.47383499145508	0.149939298629761	3550	0	0	0	0	0	
3.47506403923035	0.149939298629761	3560	0	0	0	0	0	
3.47598600387573	0.149939298629761	3570	0	0	0	0	0	
3.47690796852112	0.149939298629761	3580	0	0	0	0	0	
3.47844505310059	0.149931594729424	3590	0	0	0	0	0	
3.47905898094177	0.149931594729424	3600	0	0	0	0	0	
3.47967410087585	0.149939298629761	3610	0	0	0	0	0	
3.48120999336243	0.149939298629761	3620	0	0	0	0	0	
3.48182511329651	0.149923905730248	3630	0	0	0	0	0	
3.4830539226532	0.149939298629761	3640	0	0	0	0	0	
3.4833619594574	0.149939298629761	3650	0	0	0	0	0	
3.48428392410278	0.149939298629761	3660	0	0	0	0	0	
3.48489809036255	0.149939298629761	3670	0	0	0	0	0	
3.48551297187805	0.14994689822197	3680	0	0	0	0	0	
3.48612809181213	0.149931594729424	3690	0	0	0	0	0	
3.48674201965332	0.149939298629761	3700	0	0	0	0	0	
3.48766398429871	0.149954602122307	3710	0	0	0	0	0	
3.48797106742859	0.149931594729424	3720	0	0	0	0	0	
3.48827910423279	0.149931594729424	3730	0	0	0	0	0	
3.48889303207397	0.14994689822197	3740	0	0	0	0	0	
3.48920106887817	0.149939298629761	3750	0	0	0	0	0	
3.48981499671936	0.14991620182991	3760	0	0	0	0	0	
3.49043011665344	0.14994689822197	3770	0	0	0	0	0	
3.49043011665344	0.149923905730248	3780	0	0	0	0	0	
3.49073696136475	0.14994689822197	3790	0	0	0	0	0	
3.49104499816895	0.149931594729424	3800	0	0	0	0	0	
3.49165892601013	0.149931594729424	3810	0	0	0	0	0	
3.49258089065552	0.14994689822197	3820	0	0	0	0	0	
3.49196600914001	0.149962306022644	3830	0	0	0	0	0	
3.49258089065552	0.149931594729424	3840	0	0	0	0	0	
3.4931960105896	0.149939298629761	3850	0	0	0	0	0	
3.4928879737854	0.149939298629761	3860	0	0	0	0	0	
3.49350309371948	0.149954602122307	3870	0	0	0	0	0	
3.49350309371948	0.149931594729424	3880	0	0	0	0	0	
3.49350309371948	0.149939298629761	3890	0	0	0	0	0	
3.49380993843079	0.14991620182991	3900	0	0	0	0	0	
3.49411702156067	0.149954602122307	3910	0	0	0	0	0	
3.49473190307617	0.149931594729424	3920	0	0	0	0	0	
3.49442505836487	0.149931594729424	3930	0	0	0	0	0	
3.49442505836487	0.149939298629761	3940	0	0	0	0	0	
3.49473190307617	0.149931594729424	3950	0	0	0	0	0	
3.49503898620605	0.149931594729424	3960	0	0	0	0	0	
3.49503898620605	0.149939298629761	3970	0	0	0	0	0	
3.49503898620605	0.149939298629761	3980	0	0	0	0	0	
3.49534702301025	0.149939298629761	3990	0	0	0	0	0	
3.49534702301025	0.149939298629761	4000	0	0	0	0	0	
3.49596095085144	0.14994689822197	4010	0	0	0	0	0	
3.49626898765564	0.149954602122307	4020	0	0	0	0	0	
3.49626898765564	0.149931594729424	4030	0	0	0	0	0	
3.49596095085144	0.149931594729424	4040	0	0	0	0	0	
3.49657607078552	0.149939298629761	4050	0	0	0	0	0	
3.49626898765564	0.149931594729424	4060	0	0	0	0	0	
3.49657607078552	0.14994689822197	4070	0	0	0	0	0	
3.49688291549683	0.149931594729424	4080	0	0	0	0	0	
3.49719095230103	0.149939298629761	4090	0	0	0	0	0	
3.49780511856079	0.149931594729424	4100	0	0	0	0	0	
3.49719095230103	0.149939298629761	4110	0	0	0	0	0	
3.49749803543091	0.149931594729424	4120	0	0	0	0	0	
3.49780511856079	0.149939298629761	4130	0	0	0	0	0	
3.49811291694641	0.149939298629761	4140	0	0	0	0	0	
3.49842000007629	0.149939298629761	4150	0	0	0	0	0	
3.49842000007629	0.14994689822197	4160	0	0	0	0	0	
3.49811291694641	0.14994689822197	4170	0	0	0	0	0	
3.49780511856079	0.149962306022644	4180	0	0	0	0	0	
3.49842000007629	0.149923905730248	4190	0	0	0	0	0	
3.49903392791748	0.149939298629761	4200	0	0	0	0	0	
3.49842000007629	0.149939298629761	4210	0	0	0	0	0	
3.49903392791748	0.14994689822197	4220	0	0	0	0	0	
3.49934196472168	0.14994689822197	4230	0	0	0	0	0	
3.49934196472168	0.149923905730248	4240	0	0	0	0	0	
3.49934196472168	0.149931594729424	4250	0	0	0	0	0	
3.49964904785156	0.149939298629761	4260	0	0	0	0	0	
3.49964904785156	0.149931594729424	4270	0	0	0	0	0	
3.49995589256287	0.149931594729424	4280	0	0	0	0	0	
3.50057101249695	0.149931594729424	4290	0	0	0	0	0	
3.50090909004211	0.167588204145432	4300	0	0	0	0	0	
3.50121593475342	0.164820998907089	4310	0	0	0	0	0	
3.50121593475342	0.159363299608231	4320	0	0	0	0	0	
3.50121593475342	0.154828101396561	4330	0	0	0	0	0	
3.50090909004211	0.154905006289482	4340	0	0	0	0	0	
3.50121593475342	0.146065101027489	4350	0	0	0	0	0	
3.50121593475342	0.144220292568207	4360	0	0	0	0	0	
3.50121593475342	0.141145497560501	4370	0	0	0	0	0	
3.50121593475342	0.145834505558014	4380	0	0	0	0	0	
3.50121593475342	0.137763306498528	4390	0	0	0	0	0	
3.50121593475342	0.137379005551338	4400	0	0	0	0	0	
3.50060200691223	0.135841593146324	4410	0	0	0	0	0	
3.50090909004211	0.133535593748093	4420	0	0	0	0	0	
3.50090909004211	0.128231704235077	4430	0	0	0	0	0	
3.50090909004211	0.128231704235077	4440	0	0	0	0	0	
3.50090909004211	0.125003203749657	4450	0	0	0	0	0	
3.50090909004211	0.125771895051003	4460	0	0	0	0	0	
3.50090909004211	0.121697902679443	4470	0	0	0	0	0	
3.50090909004211	0.119622401893139	4480	0	0	0	0	0	
3.50060200691223	0.120621703565121	4490	0	0	0	0	0	
3.50121593475342	0.1173932030797	4500	0	0	0	0	0	
3.50121593475342	0.114625997841358	4510	0	0	0	0	0	
3.50090909004211	0.110782600939274	4520	0	0	0	0	0	
3.50090909004211	0.112934902310371	4530	0	0	0	0	0	
3.50060200691223	0.107015997171402	4540	0	0	0	0	0	
3.50090909004211	0.109860196709633	4550	0	0	0	0	0	
3.50060200691223	0.102173298597336	4560	0	0	0	0	0	
3.50121593475342	0.106785401701927	4570	0	0	0	0	0	
3.50121593475342	0.100251600146294	4580	0	0	0	0	0	
3.50060200691223	0.100251600146294	4590	0	0	0	0	0	
3.50090909004211	0.10009790211916	4600	0	0	0	0	0	
3.50090909004211	0.0999441519379616	4610	0	0	0	0	0	
3.50121593475342	0.0967156812548637	4620	0	0	0	0	0	
3.50121593475342	0.0960238724946976	4630	0	0	0	0	0	
3.50060200691223	0.0927954018115997	4640	0	0	0	0	0	
3.50121593475342	0.0969462767243385	4650	0	0	0	0	0	
3.50090909004211	0.0929491370916367	4660	0	0	0	0	0	
3.50090909004211	0.0911042988300323	4670	0	0	0	0	0	
3.50090909004211	0.0909505635499954	4680	0	0	0	0	0	
3.50060200691223	0.0871071517467499	4690	0	0	0	0	0	
3.50090909004211	0.0871840193867683	4700	0	0	0	0	0	
3.50090909004211	0.0856466516852379	4710	0	0	0	0	0	
3.50090909004211	0.0888751074671745	4720	0	0	0	0	0	
3.50060200691223	0.0814957618713379	4730	0	0	0	0	0	
3.50152397155762	0.0841092765331268	4740	0	0	0	0	0	
3.50090909004211	0.081188291311264	4750	0	0	0	0	0	
3.50121593475342	0.0821875780820847	4760	0	0	0	0	0	
3.50090909004211	0.0814188867807388	4770	0	0	0	0	0	
3.50090909004211	0.0820338428020477	4780	0	0	0	0	0	
3.50060200691223	0.0749619603157043	4790	0	0	0	0	0	
3.50090909004211	0.0790359824895859	4800	0	0	0	0	0	
3.50060200691223	0.0735014602541924	4810	0	0	0	0	0	
3.50090909004211	0.0794203206896782	4820	0	0	0	0	0	
3.50090909004211	0.0751925632357597	4830	0	0	0	0	0	
3.50060200691223	0.074577622115612	4840	0	0	0	0	0	
3.50060200691223	0.070580467581749	4850	0	0	0	0	0	
3.50121593475342	0.0711954236030579	4860	0	0	0	0	0	
3.50121593475342	0.0709648132324219	4870	0	0	0	0	0	
3.50060200691223	0.069196842610836	4880	0	0	0	0	0	
3.50090909004211	0.0672751292586327	4890	0	0	0	0	0	
3.50090909004211	0.0649690926074982	4900	0	0	0	0	0	
3.50060200691223	0.065276563167572	4910	0	0	0	0	0	
3.50090909004211	0.0653534233570099	4920	0	0	0	0	0	
3.50121593475342	0.0648922175168991	4930	0	0	0	0	0	
3.50090909004211	0.0707342028617859	4940	0	0	0	0	0	
3.50121593475342	0.0659683719277382	4950	0	0	0	0	0	
3.50090909004211	0.0623555593192577	4960	0	0	0	0	0	
3.50090909004211	0.0632011070847511	4970	0	0	0	0	0	
3.50090909004211	0.0615868791937828	4980	0	0	0	0	0	
3.50152397155762	0.0600495189428329	4990	0	0	0	0	0	
3.50121593475342	0.0621249601244926	5000	0	0	0	0	0	
3.50152397155762	0.0585121512413025	5010	0	0	0	0	0	
3.50121593475342	0.0600495189428329	5020	0	0	0	0	0	
3.50090909004211	0.0582815408706665	5030	0	0	0	0	0	
3.50121593475342	0.058358408510685	5040	0	0	0	0	0	
3.50152397155762	0.0555911511182785	5050	0	0	0	0	0	
3.50090909004211	0.0552836805582047	5060	0	0	0	0	0	
3.50152397155762	0.0547455996274948	5070	0	0	0	0	0	
3.50121593475342	0.054899338632822	5080	0	0	0	0	0	
3.50090909004211	0.051747739315033	5090	0	0	0	0	0	
3.50090909004211	0.0549762099981308	5100	0	0	0	0	0	
3.50121593475342	0.0513634011149406	5110	0	0	0	0	0	
3.50121593475342	0.0578971989452839	5120	0	0	0	0	0	
3.50121593475342	0.0527470298111439	5130	0	0	0	0	0	
3.50090909004211	0.0520552098751068	5140	0	0	0	0	0	
3.50090909004211	0.0519783496856689	5150	0	0	0	0	0	
3.50090909004211	0.0493648201227188	5160	0	0	0	0	0	
3.50121593475342	0.0499797686934471	5170	0	0	0	0	0	
3.50090909004211	0.0462132208049297	5180	0	0	0	0	0	
3.50090909004211	0.0481349304318428	5190	0	0	0	0	0	
3.50090909004211	0.0530545003712177	5200	0	0	0	0	0	
3.50152397155762	0.04828866943717	5210	0	0	0	0	0	
3.50152397155762	0.0460594892501831	5220	0	0	0	0	0	
3.50090909004211	0.0438303090631962	5230	0	0	0	0	0	
3.50090909004211	0.0458288788795471	5240	0	0	0	0	0	
3.50090909004211	0.045367669314146	5250	0	0	0	0	0	
3.50121593475342	0.0450601987540722	5260	0	0	0	0	0	
3.50090909004211	0.047058779746294	5270	0	0	0	0	0	
3.50090909004211	0.0446758605539799	5280	0	0	0	0	0	
3.50090909004211	0.043676570057869	5290	0	0	0	0	0	
3.50152397155762	0.0499029010534287	5300	0	0	0	0	0	
3.50121593475342	0.0426004193723202	5310	0	0	0	0	0	
3.50090909004211	0.039756290614605	5320	0	0	0	0	0	
3.50090909004211	0.03998688980937	5330	0	0	0	0	0	
3.50121593475342	0.0418317317962646	5340	0	0	0	0	0	
3.50090909004211	0.0419854708015919	5350	0	0	0	0	0	
3.50090909004211	0.037527110427618	5360	0	0	0	0	0	
3.50090909004211	0.038757000118494	5370	0	0	0	0	0	
3.50121593475342	0.037296500056982	5380	0	0	0	0	0	
3.50060200691223	0.0396025516092777	5390	0	0	0	0	0	
3.50121593475342	0.0369121693074703	5400	0	0	0	0	0	
3.50090909004211	0.0438303090631962	5410	0	0	0	0	0	
3.50121593475342	0.0386801287531853	5420	0	0	0	0	0	
3.50152397155762	0.0393719486892223	5430	0	0	0	0	0	
3.50121593475342	0.0317619889974594	5440	0	0	0	0	0	
3.50121593475342	0.0366815589368343	5450	0	0	0	0	0	
3.50090909004211	0.0374502390623093	5460	0	0	0	0	0	
3.50090909004211	0.0359897390007973	5470	0	0	0	0	0	
3.50090909004211	0.0343755111098289	5480	0	0	0	0	0	
3.50121593475342	0.033376220613718	5490	0	0	0	0	0	
3.50121593475342	0.0343755111098289	5500	0	0	0	0	0	
3.50090909004211	0.0362203493714333	5510	0	0	0	0	0	
3.50090909004211	0.0347598493099213	5520	0	0	0	0	0	
3.50090909004211	0.0347598493099213	5530	0	0	0	0	0	
3.50121593475342	0.0316082499921322	5540	0	0	0	0	0	
3.50090909004211	0.0331456214189529	5550	0	0	0	0	0	
3.50090909004211	0.0298402793705463	5560	0	0	0	0	0	
3.50060200691223	0.0292253401130438	5570	0	0	0	0	0	
3.50090909004211	0.0306089706718922	5580	0	0	0	0	0	
3.50152397155762	0.0309164393693209	5590	0	0	0	0	0	
3.50152397155762	0.0350673198699951	5600	0	0	0	0	0	
3.50090909004211	0.0278417095541954	5610	0	0	0	0	0	
3.50060200691223	0.0276110991835594	5620	0	0	0	0	0	
3.50060200691223	0.0296096801757813	5630	0	0	0	0	0	
3.50090909004211	0.0318388603627682	5640	0	0	0	0	0	
3.50090909004211	0.0280723106116056	5650	0	0	0	0	0	
3.50090909004211	0.0352210588753223	5660	0	0	0	0	0	
3.50121593475342	0.0288409907370806	5670	0	0	0	0	0	
3.50090909004211	0.0265349503606558	5680	0	0	0	0	0	
3.50121593475342	0.025228189304471	5690	0	0	0	0	0	
3.50090909004211	0.0274573694914579	5700	0	0	0	0	0	
3.50060200691223	0.0249207094311714	5710	0	0	0	0	0	
3.50090909004211	0.0269961599260569	5720	0	0	0	0	0	
3.50060200691223	0.0243826303631067	5730	0	0	0	0	0	
3.50060200691223	0.0250744502991438	5740	0	0	0	0	0	
3.50090909004211	0.0256125293672085	5750	0	0	0	0	0	
3.50121593475342	0.0275342296808958	5760	0	0	0	0	0	
3.50090909004211	0.0250744502991438	5770	0	0	0	0	0	
3.50121593475342	0.0273036304861307	5780	0	0	0	0	0	
3.50090909004211	0.0216153804212809	5790	0	0	0	0	0	
3.50090909004211	0.0242289006710052	5800	0	0	0	0	0	
3.50121593475342	0.0231527406722307	5810	0	0	0	0	0	
3.50152397155762	0.0269192904233933	5820	0	0	0	0	0	
3.50090909004211	0.0224609300494194	5830	0	0	0	0	0	
3.50090909004211	0.0233064796775579	5840	0	0	0	0	0	
3.50090909004211	0.0263812094926834	5850	0	0	0	0	0	
3.50090909004211	0.0227684006094933	5860	0	0	0	0	0	
3.50090909004211	0.020846689119935	5870	0	0	0	0	0	
3.50121593475342	0.025228189304471	5880	0	0	0	0	0	
3.50060200691223	0.0210004299879074	5890	0	0	0	0	0	
3.50090909004211	0.0203854907304049	5900	0	0	0	0	0	
3.50060200691223	0.0229990091174841	5910	0	0	0	0	0	
3.50090909004211	0.0189249906688929	5920	0	0	0	0	0	
3.50121593475342	0.0266118105500937	5930	0	0	0	0	0	
3.50060200691223	0.0200011394917965	5940	0	0	0	0	0	
3.50121593475342	0.0212310291826725	5950	0	0	0	0	0	
3.50090909004211	0.0179257001727819	5960	0	0	0	0	0	
3.50090909004211	0.0185406506061554	5970	0	0	0	0	0	
3.50121593475342	0.0211541708558798	5980	0	0	0	0	0	
3.50121593475342	0.019155589863658	5990	0	0	0	0	0	
3.50090909004211	0.0203086193650961	6000	0	0	0	0	0	
3.50121593475342	0.0223840605467558	6010	0	0	0	0	0	
3.50090909004211	0.0176950991153717	6020	0	0	0	0	0	
3.50090909004211	0.0188481193035841	6030	0	0	0	0	0	
3.50121593475342	0.0195399299263954	6040	0	0	0	0	0	
3.50090909004211	0.0175413601100445	6050	0	0	0	0	0	
3.50121593475342	0.016926409676671	6060	0	0	0	0	0	
3.50090909004211	0.0168495401740074	6070	0	0	0	0	0	
3.50090909004211	0.0155427800491452	6080	0	0	0	0	0	
3.50121593475342	0.016926409676671	6090	0	0	0	0	0	
3.50121593475342	0.0219997204840183	6100	0	0	0	0	0	
3.50090909004211	0.0161577295511961	6110	0	0	0	0	0	
3.50090909004211	0.0182331707328558	6120	0	0	0	0	0	
3.50090909004211	0.0177719593048096	6130	0	0	0	0	0	
3.50090909004211	0.0153890503570437	6140	0	0	0	0	0	
3.50090909004211	0.0149278398603201	6150	0	0	0	0	0	
3.50090909004211	0.014236019924283	6160	0	0	0	0	0	
3.50090909004211	0.0146203599870205	6170	0	0	0	0	0	
3.50090909004211	0.0128523902967572	6180	0	0	0	0	0	
3.50060200691223	0.0138516798615456	6190	0	0	0	0	0	
3.50090909004211	0.0149278398603201	6200	0	0	0	0	0	
3.50152397155762	0.0163883306086063	6210	0	0	0	0	0	
3.50121593475342	0.014236019924283	6220	0	0	0	0	0	
3.50121593475342	0.0166189391165972	6230	0	0	0	0	0	
3.50060200691223	0.0155427800491452	6240	0	0	0	0	0	
3.50090909004211	0.0160039905458689	6250	0	0	0	0	0	
3.50090909004211	0.0114687597379088	6260	0	0	0	0	0	
3.50121593475342	0.0152353104203939	6270	0	0	0	0	0	
3.50121593475342	0.0123911798000336	6280	0	0	0	0	0	
3.50090909004211	0.0160039905458689	6290	0	0	0	0	0	
3.50121593475342	0.0145434997975826	6300	0	0	0	0	0	
3.50090909004211	0.0128523902967572	6310	0	0	0	0	0	
3.50090909004211	0.0145434997975826	6320	0	0	0	0	0	
3.50090909004211	0.0140822902321815	6330	0	0	0	0	0	
3.50090909004211	0.0107769500464201	6340	0	0	0	0	0	
3.50121593475342	0.0155427800491452	6350	0	0	0	0	0	
3.50090909004211	0.0146203599870205	6360	0	0	0	0	0	
3.50060200691223	0.0143897598609328	6370	0	0	0	0	0	
3.50060200691223	0.0139285502955318	6380	0	0	0	0	0	
3.50060200691223	0.0147740999236703	6390	0	0	0	0	0	
3.50060200691223	0.0163883306086063	6400	0	0	0	0	0	
3.50121593475342	0.0126986596733332	6410	0	0	0	0	0	
3.50090909004211	0.0113150300458074	6420	0	0	0	0	0	
3.50060200691223	0.0140822902321815	6430	0	0	0	0	0	
3.50121593475342	0.0134673397988081	6440	0	0	0	0	0	
3.50090909004211	0.0153890503570437	6450	0	0	0	0	0	
3.50090909004211	0.0129292597994208	6460	0	0	0	0	0	
3.50090909004211	0.0103926099836826	6470	0	0	0	0	0	
3.50152397155762	0.0102388700470328	6480	0	0	0	0	0	
3.50090909004211	0.0100082699209452	6490	0	0	0	0	0	
3.50060200691223	0.0147740999236703	6500	0	0	0	0	0	
3.50090909004211	0.00716414116322994	6510	0	0	0	0	0	
3.50090909004211	0.00916271563619375	6520	0	0	0	0	0	
3.50060200691223	0.00908584799617529	6530	0	0	0	0	0	
3.50121593475342	0.0116993701085448	6540	0	0	0	0	0	
3.50090909004211	0.0106232101097703	6550	0	0	0	0	0	
3.50121593475342	0.0120068397372961	6560	0	0	0	0	0	
3.50121593475342	0.0104694804176688	6570	0	0	0	0	0	
3.50060200691223	0.0107000796124339	6580	0	0	0	0	0	
3.50090909004211	0.00985452998429537	6590	0	0	0	0	0	
3.50121593475342	0.0110844196751714	6600	0	0	0	0	0	
3.50121593475342	0.0120068397372961	6610	0	0	0	0	0	
3.50090909004211	0.00908584799617529	6620	0	0	0	0	0	
3.50090909004211	0.00862463843077421	6630	0	0	0	0	0	
3.50121593475342	0.00885524321347475	6640	0	0	0	0	0	
3.50121593475342	0.0135442102327943	6650	0	0	0	0	0	
3.50121593475342	0.0110075501725078	6660	0	0	0	0	0	
3.50121593475342	0.0163114592432976	6670	0	0	0	0	0	
3.50090909004211	0.00701040402054787	6680	0	0	0	0	0	
3.50090909004211	0.00754848215728998	6690	0	0	0	0	0	
3.50090909004211	0.0065491939894855	6700	0	0	0	0	0	
3.50090909004211	0.0102388700470328	6710	0	0	0	0	0	
3.50121593475342	0.0080865602940321	6720	0	0	0	0	0	
3.50090909004211	0.0109306899830699	6730	0	0	0	0	0	
3.50152397155762	0.013006130233407	6740	0	0	0	0	0	
3.50060200691223	0.00970079377293587	6750	0	0	0	0	0	
3.50090909004211	0.00647232588380575	6760	0	0	0	0	0	
3.50121593475342	0.00854776985943317	6770	0	0	0	0	0	
3.50121593475342	0.0129292597994208	6780	0	0	0	0	0	
3.50152397155762	0.006395457778126	6790	0	0	0	0	0	
3.50121593475342	0.00754848215728998	6800	0	0	0	0	0	
3.50090909004211	0.00608798488974571	6810	0	0	0	0	0	
3.50090909004211	0.00908584799617529	6820	0	0	0	0	0	
3.50090909004211	0.00578051200136542	6830	0	0	0	0	0	
3.50090909004211	0.00800969172269106	6840	0	0	0	0	0	
3.50121593475342	0.0080865602940321	6850	0	0	0	0	0	
3.50090909004211	0.00593424821272492	6860	0	0	0	0	0	
3.50090909004211	0.0103157395496964	6870	0	0	0	0	0	
3.50121593475342	0.00831716507673264	6880	0	0	0	0	0	
3.50060200691223	0.00677979877218604	6890	0	0	0	0	0	
3.50090909004211	0.00424314616248012	6900	0	0	0	0	0	
3.50090909004211	0.00531930197030306	6910	0	0	0	0	0	
3.50090909004211	0.00524243386462331	6920	0	0	0	0	0	
3.50090909004211	0.00385880493558943	6930	0	0	0	0	0	
3.50090909004211	0.0121605796739459	6940	0	0	0	0	0	
3.50121593475342	0.00585738010704517	6950	0	0	0	0	0	
3.50152397155762	0.00716414116322994	6960	0	0	0	0	0	
3.50060200691223	0.00508869718760252	6970	0	0	0	0	0	
3.50060200691223	0.00593424821272492	6980	0	0	0	0	0	
3.50121593475342	0.00462748808786273	6990	0	0	0	0	0	
3.50121593475342	0.00916271563619375	7000	0	0	0	0	0	
3.50090909004211	0.00601111678406596	7010	0	0	0	0	0	
3.50121593475342	0.00493496097624302	7020	0	0	0	0	0	
3.50121593475342	0.010085130110383	7030	0	0	0	0	0	
3.50152397155762	0.00854776985943317	7040	0	0	0	0	0	
3.50090909004211	0.00385880493558943	7050	0	0	0	0	0	
3.50121593475342	0.00677979877218604	7060	0	0	0	0	0	
3.50060200691223	0.00608798488974571	7070	0	0	0	0	0	
3.50090909004211	0.00578051200136542	7080	0	0	0	0	0	
3.50060200691223	0.00724100880324841	7090	0	0	0	0	0	
3.50121593475342	0.00539617100730538	7100	0	0	0	0	0	
3.50121593475342	0.00800969172269106	7110	0	0	0	0	0	
3.50060200691223	0.00962392520159483	7120	0	0	0	0	0	
3.50121593475342	0.00339759490452707	7130	0	0	0	0	0	
3.50121593475342	0.00339759490452707	7140	0	0	0	0	0	
3.50121593475342	0.00401254091411829	7150	0	0	0	0	0	
3.50090909004211	0.00385880493558943	7160	0	0	0	0	0	
3.50090909004211	0.00701040402054787	7170	0	0	0	0	0	
3.50121593475342	0.00416627805680037	7180	0	0	0	0	0	
3.50121593475342	0.00747161405161023	7190	0	0	0	0	0	
3.50090909004211	0.0043968828395009	7200	0	0	0	0	0	
3.50090909004211	0.00739474501460791	7210	0	0	0	0	0	
3.50090909004211	0.00547303911298513	7220	0	0	0	0	0	
3.50090909004211	0.00531930197030306	7230	0	0	0	0	0	
3.50090909004211	0.00485809193924069	7240	0	0	0	0	0	
3.50090909004211	0.00424314616248012	7250	0	0	0	0	0	
3.50090909004211	0.00193709798622876	7260	0	0	0	0	0	
3.50090909004211	0.00162962498143315	7270	0	0	0	0	0	
3.50121593475342	0.00662606302648783	7280	0	0	0	0	0	
3.50121593475342	0.00731787690892816	7290	0	0	0	0	0	
3.50121593475342	0.00554990721866488	7300	0	0	0	0	0	
3.50121593475342	0.00362819992005825	7310	0	0	0	0	0	
3.50060200691223	0.00501182908192277	7320	0	0	0	0	0	
3.50121593475342	0.00624172203242779	7330	0	0	0	0	0	
3.50090909004211	0.00685666780918837	7340	0	0	0	0	0	
3.50121593475342	0.00947018899023533	7350	0	0	0	0	0	
3.5018310546875	0.0106232101097703	7360	0	0	0	0	0	
3.50121593475342	0.00355133204720914	7370	0	0	0	0	0	
3.50121593475342	0.00239830790087581	7380	0	0	0	0	0	
3.50090909004211	0.00209083501249552	7390	0	0	0	0	0	
3.50090909004211	0.00139901996590197	7400	0	0	0	0	0	
3.50121593475342	0.00923958420753479	7410	0	0	0	0	0	
3.50121593475342	0.00485809193924069	7420	0	0	0	0	0	
3.50121593475342	0.00485809193924069	7430	0	0	0	0	0	
3.50121593475342	0.00624172203242779	7440	0	0	0	0	0	
3.50090909004211	0.00493496097624302	7450	0	0	0	0	0	
3.50090909004211	0.00447375094518065	7460	0	0	0	0	0	
3.50121593475342	0.00531930197030306	7470	0	0	0	0	0	
3.50090909004211	0.00201396597549319	7480	0	0	0	0	0	
3.50152397155762	0.0028595170006156	7490	0	0	0	0	0	
3.50090909004211	0.00754848215728998	7500	0	0	0	0	0	
3.50121593475342	0.00562677485868335	7510	0	0	0	0	0	
3.50121593475342	0.00362819992005825	7520	0	0	0	0	0	
3.50090909004211	0.00501182908192277	7530	0	0	0	0	0	
3.50090909004211	0.00670293113216758	7540	0	0	0	0	0	
3.50090909004211	0.00800969172269106	7550	0	0	0	0	0	
3.50152397155762	0.00193709798622876	7560	0	0	0	0	0	
3.50121593475342	0.00485809193924069	7570	0	0	0	0	0	
3.50090909004211	0.00209083501249552	7580	0	0	0	0	0	
3.50121593475342	0.00593424821272492	7590	0	0	0	0	0	
3.50121593475342	0.00339759490452707	7600	0	0	0	0	0	
3.50121593475342	0.000553468882571906	7610	0	0	0	0	0	
3.50090909004211	7.84028316047625E-07	7611	0	0	0	0	0	
3.50090909004211	7.84028316047625E-07	7612	0	0	0	0	0	
3.50090909004211	7.84028316047625E-07	7613	0	0	0	0	0	
3.50090909004211	7.07159983903694E-07	7614	0	0	0	0	0	
3.50090909004211	7.84028316047625E-07	7615	0	0	0	0	0	
3.50090909004211	7.84028316047625E-07	7616	0	0	0	0	0	
3.50060200691223	7.84028316047625E-07	7617	0	0	0	0	0	
3.50060200691223	7.84028316047625E-07	7618	0	0	0	0	0	
3.50060200691223	7.84028316047625E-07	7619	0	0	0	0	0	
3.50090909004211	7.84028316047625E-07	7620	0	0	0	0	0	
3.49968004226685	7.84028316047625E-07	7621	0	0	0	0	0	
3.49968004226685	8.60896591348137E-07	7622	0	0	0	0	0	
3.49968004226685	8.60896591348137E-07	7623	0	0	0	0	0	
3.49968004226685	7.84028316047625E-07	7624	0	0	0	0	0	
3.49968004226685	7.84028316047625E-07	7625	0	0	0	0	0	
3.49968004226685	7.84028316047625E-07	7626	0	0	0	0	0	
3.49968004226685	7.84028316047625E-07	7627	0	0	0	0	0	
3.49968004226685	8.60896591348137E-07	7628	0	0	0	0	0	
3.49968004226685	7.84028316047625E-07	7629	0	0	0	0	0	
3.49968004226685	7.84028316047625E-07	7630	0	0	0	0	0	
3.50029397010803	0.0245747901499271	7639.602	10000	-0.00049816280376104	0.0175143479976367	0.000209347587431495	0.0091148989236523	
3.50029397010803	0.0245747901499271	7649.235	7943.2822265625	0.0311342528064856	0.0114148267514142	0.000839453637920993	0.0216798951991008	
3.50029397010803	0.0245747901499271	7658.886	6309.5732421875	0.0308565470199219	0.0130274915805516	0.00138146079923408	0.0398927309458661	
3.50029397010803	0.0245747901499271	7668.542	5011.873046875	0.0275034368640163	0.00978105741247819	0.00185230241389291	0.0665123926507363	
3.50029397010803	0.0245747901499271	7678.55	3981.07202148438	0.0258759773172499	0.0090167021290916	0.00290581016903322	0.103791994225445	
3.50029397010803	0.0245747901499271	7689.659	3162.27807617188	0.0226297758151272	0.00571952549626609	0.0192463991369064	1.11249657486258	
3.50029397010803	0.0245747901499271	7699.336	2511.88598632813	0.016376698437982	0.00352889602908573	0.0199626125658362	1.20276962061543	
3.50029397010803	0.0245747901499271	7709.679	1995.26196289063	0.0164200662764439	0.00253371176522452	0.020558656145178	1.23795531747509	
3.50029397010803	0.0245747901499271	7719.703	1584.89294433594	0.016418884554699	0.00165629637796542	0.0204218304482896	1.237971195214	
3.50029397010803	0.0245747901499271	7729.402	1258.92504882813	0.016487671930962	0.000817670784126078	0.0183412873370362	1.11342802594311	
3.50029397010803	0.0245747901499271	7730.24	1000	0.0166430686698077	-5.96813004494963E-06	0.00149504665031024	0.089333973112446	
3.50029397010803	0.0245747901499271	7730.983	794.328186035156	0.0167591289567628	-0.000622442739506556	0.0018327316019333	0.109045319658436	
3.50029397010803	0.0245747901499271	7731.745	630.957275390625	0.0170848586821169	-0.00119255408441129	0.00228362747005615	0.133055962058535	
3.50029397010803	0.0245747901499271	7732.562	501.187194824219	0.0174351189221407	-0.00168640339274783	0.00273764967721514	0.156524293207453	
3.50029397010803	0.0245747901499271	7733.336	398.107208251953	0.0178490275985934	-0.0020873773839956	0.00329502814798909	0.182053359997433	
3.50029397010803	0.0245747901499271	7734.148	316.227813720703	0.0184010875811982	-0.00244086429205415	0.00379325096559557	0.204886623376844	
3.50029397010803	0.0245747901499271	7734.975	251.188598632813	0.0188671827751228	-0.00270580579004344	0.00418532884618273	0.219630883101302	
3.50029397010803	0.0245747901499271	7735.83	199.52619934082	0.0194223168749012	-0.00290602727923388	0.00450140224478896	0.229033411045094	
3.50029397010803	0.0245747901499271	7736.67	158.489303588867	0.0199329092288874	-0.00310230666605375	0.00471403380699988	0.234007881830245	
3.50029397010803	0.0245747901499271	7737.549	125.892501831055	0.020469215355852	-0.00323357189680565	0.00483421070842461	0.233313298069568	
3.50029397010803	0.0245747901499271	7738.457	100	0.0210385601921103	-0.00331775800477785	0.004899358324397	0.230584126192094	
3.50029397010803	0.0245747901499271	7739.299	79.4328231811523	0.0215535201082994	-0.0034594780606988	0.00493998598101706	0.225989943496289	
3.50029397010803	0.0245747901499271	7740.156	63.0957298278809	0.022095210845174	-0.00355014394395661	0.00494899616652705	0.221186839048839	
3.50029397010803	0.0245747901499271	7741.073	50.1187210083008	0.0225416403211551	-0.00364250599846593	0.00493477875179574	0.21623505805223	
3.50029397010803	0.0245747901499271	7742.042	39.810718536377	0.0231642294621613	-0.00373602405713536	0.0049216232497338	0.210319105211622	
3.50029397010803	0.0245747901499271	7743.080999	31.6227798461914	0.0236980896387517	-0.00385300213166189	0.0049280733587773	0.205308632763956	
3.50029397010803	0.0245747901499271	7744.210999	25.118860244751	0.0243228692504266	-0.00395614284808692	0.00491521299723253	0.199906041865661	
3.50029397010803	0.0245747901499271	7745.453999	19.9526195526123	0.0249361190886312	-0.00405710706363579	0.00490922422204584	0.194363535068174	
3.50029397010803	0.0245747901499271	7746.831999	15.8489303588867	0.025675209233424	-0.00405976692094978	0.00493401610390266	0.189851548048946	
3.50029397010803	0.0245747901499271	7748.385999	12.5892496109009	0.0263695400152316	-0.00407387412978746	0.00492764900079356	0.18455017297942	
3.50029397010803	0.0245747901499271	7750.166999	10	0.0270946491457229	-0.00399791080333837	0.00492633426809519	0.180029697072623	
